#    time[au]         Re(autocorrel)     Im(autocorrel)     Abs(autocorrel)
     0.00000000       1.00000000000000   0.00000000000000   1.00000000000000
    0.200000000       0.84432550062424  -0.45837302771484   0.96072440561321
    0.400000000       0.47594910352063  -0.70817732644622   0.85325416778039
    0.600000000       0.09871687667226  -0.69685343798846   0.70381086648067
    0.800000000      -0.14276234943603  -0.52414061328637   0.54323518931740
     1.00000000      -0.22910930145098  -0.32333905748750   0.39628174082117
     1.20000000      -0.21684761619786  -0.17150592860414   0.27647273318913
     1.40000000      -0.16779124547017  -0.08223262798788   0.18685852178112
     1.60000000      -0.11770400773192  -0.03864266692314   0.12388498352540
     1.80000000      -0.07877052666432  -0.02053215597339   0.08140248951899
     2.00000000      -0.05138179172298  -0.01429027569753   0.05333198383874
     2.20000000      -0.03245038038473  -0.01285757734051   0.03490479167938
     2.40000000      -0.01891410538140  -0.01316786070458   0.02304638665635
     2.60000000      -0.00858825209952  -0.01410500029970   0.01651390649058
     2.80000000      -0.00009009000151  -0.01538783409615   0.01538809781548
     3.00000000       0.00740213215146  -0.01705889196949   0.01859562732511
     3.20000000       0.01433748812794  -0.01925683668972   0.02400810956976
     3.40000000       0.02091878205625  -0.02208374001837   0.03041853079811
     3.60000000       0.02723063193332  -0.02547891562625   0.03729185510239
     3.80000000       0.03347065713933  -0.02909603491509   0.04434934201449
     4.00000000       0.04039466074319  -0.03230118960536   0.05172132506499
     4.20000000       0.04999340145753  -0.03458921505770   0.06079271327718
     4.40000000       0.06609704244945  -0.03687074088211   0.07568533909391
     4.60000000       0.09398921802533  -0.04395165708725   0.10375799374375
     4.80000000       0.13739307597460  -0.06769498437906   0.15316484007710
     5.00000000       0.19103499168811  -0.12837681991505   0.23016293346405
     5.20000000       0.22910536359853  -0.24856633050280   0.33804509801097
     5.40000000       0.19745321879768  -0.43215713756701   0.47512899844535
     5.60000000       0.02952569854282  -0.63064663896659   0.63133742967948
     5.80000000      -0.29638385957373  -0.72793895764658   0.78596343316684
     6.00000000      -0.68838361065977  -0.59531192538195   0.91009245899906
     6.20000000      -0.95185040500448  -0.21179624981224   0.97512914269943
     6.40000000      -0.92601207760298   0.26902145479957   0.96429814425263
     6.60000000      -0.62805776558051   0.61697915702076   0.88040890335345
     6.80000000      -0.23663849694036   0.70602809176570   0.74462973657819
     7.00000000       0.06500988066330   0.58344702744332   0.58705767895182
     7.20000000       0.20759991306477   0.38248131031952   0.43518924233975
     7.40000000       0.22557113183546   0.20753362837680   0.30651678979261
     7.60000000       0.18438240877262   0.09484688549653   0.20734706256223
     7.80000000       0.13107540962586   0.03585952353426   0.13589212058353
     8.00000000       0.08590434501147   0.00979491397067   0.08646095553221
     8.20000000       0.05266032650285   0.00015433215700   0.05266055265378
     8.40000000       0.02896291583116  -0.00238271440761   0.02906076085362
     8.60000000       0.01149867581680  -0.00207073439585   0.01168364183283
     8.80000000      -0.00231186348842  -0.00047078970899   0.00235931255648
     9.00000000      -0.01412895678593   0.00210361391705   0.01428469850471
     9.20000000      -0.02486627432710   0.00588804659909   0.02555387821180
     9.40000000      -0.03482984834844   0.01133745404891   0.03662862542175
     9.60000000      -0.04376519210433   0.01888793674369   0.04766703467138
     9.80000000      -0.05090149631537   0.02864278695265   0.05840694797332
     10.0000000      -0.05518623960891   0.03993111903523   0.06811765783978
     10.2000000      -0.05597394383539   0.05089082818056   0.07565023979731
     10.4000000      -0.05433405693903   0.05856739911576   0.07988948605817
     10.6000000      -0.05463696999940   0.06034749753178   0.08140650434126
     10.8000000      -0.06508598690689   0.05735827905801   0.08675343144879
     11.0000000      -0.09495443091705   0.05913035106230   0.11186036995975
     11.2000000      -0.14671758702283   0.08643279405730   0.17028411032846
     11.4000000      -0.20398597649342   0.16699941749604   0.26362678932534
     11.6000000      -0.22140367777956   0.31849727492972   0.38789186981938
     11.8000000      -0.13081512673131   0.51802213482308   0.53428412810824
     12.0000000       0.11767648461890   0.67591818623806   0.68608538063394
     12.2000000       0.48586616554496   0.65841358589800   0.81827524764986
     12.4000000       0.81597024639697   0.38656664638341   0.90290709106821
     12.6000000       0.91726346216038  -0.05962480427962   0.91919931260844
     12.8000000       0.72542082589864  -0.46719354010944   0.86284713510995
     13.0000000       0.36256481064697  -0.65457619936049   0.74828018996142
     13.2000000       0.02443294875286  -0.60165390484311   0.60214980710594
     13.4000000      -0.17033384045864  -0.41912455959037   0.45241464792512
     13.6000000      -0.22140474037157  -0.23044492487238   0.31956990230376
     13.8000000      -0.18954584344379  -0.09852199146512   0.21362165051575
     14.0000000      -0.13293073414570  -0.02834071253391   0.13591826980743
     14.2000000      -0.08274442707602   0.00039720554026   0.08274538044132
     14.4000000      -0.04747993332110   0.00894729786311   0.04831561038865
     14.6000000      -0.02446231923639   0.01071605153478   0.02670653146552
     14.8000000      -0.00825871172215   0.01148434522619   0.01414554716453
     15.0000000       0.00547472716860   0.01238351323524   0.01353972073633
     15.2000000       0.01913551490059   0.01253795177891   0.02287724120870
     15.4000000       0.03355008777733   0.01054284103320   0.03516759711607
     15.6000000       0.04847439027160   0.00502601823051   0.04873425254846
     15.8000000       0.06280094556799  -0.00515220203986   0.06301193498135
     16.0000000       0.07453171427310  -0.02058508783878   0.07732219780773
     16.2000000       0.08087154771840  -0.04064181427494   0.09050947076372
     16.4000000       0.07897011953705  -0.06253157316636   0.10072972462166
     16.6000000       0.06778013992809  -0.08076637925134   0.10543887037541
     16.8000000       0.05087519476819  -0.08830357801745   0.10191078124215
     17.0000000       0.03862476609077  -0.08068701422042   0.08945539010800
     17.2000000       0.04649365834164  -0.06285222227759   0.07817967837758
     17.4000000       0.08652803240436  -0.05473722890133   0.10238781480024
     17.6000000       0.15316166106075  -0.08899998332497   0.17714257379505
     17.8000000       0.21059982253027  -0.19556607206310   0.28739932809937
     18.0000000       0.19366347897824  -0.37358901377910   0.42080196566366
     18.2000000       0.03615302489948  -0.56213225184240   0.56329362660231
     18.4000000      -0.26895212311294  -0.64048260084626   0.69466049730336
     18.6000000      -0.61557245690890  -0.49560220528321   0.79028538869603
     18.8000000      -0.81767658477024  -0.13352051511988   0.82850632178602
     19.0000000      -0.74811215484809   0.28284228747661   0.79979469604171
     19.2000000      -0.45385499851852   0.54805835097968   0.71158437009171
     19.4000000      -0.11120789285994   0.57441580173903   0.58508179660782
     19.6000000       0.12448562160216   0.42846302657970   0.44618072025975
     19.8000000       0.20962505818204   0.23698841728281   0.31639559880636
     20.0000000       0.18846316871645   0.08903356804004   0.20843546291499
     20.2000000       0.12639588473068   0.00955920658342   0.12675684639244
     20.4000000       0.06831622201581  -0.01715378474557   0.07043691164163
     20.6000000       0.03106789485208  -0.01783748300694   0.03582443147578
     20.8000000       0.01261631081011  -0.01301280994597   0.01812469368423
     21.0000000       0.00376393817360  -0.01222500960234   0.01279132871722
     21.2000000      -0.00392779004482  -0.01646990590051   0.01693178475553
     21.4000000      -0.01515927923911  -0.02264365481558   0.02724956605997
     21.6000000      -0.03118080189399  -0.02685200330429   0.04114939231879
     21.8000000      -0.05107184276785  -0.02581071335291   0.05722347461916
     22.0000000      -0.07259037673481  -0.01705269324755   0.07456646123759
     22.2000000      -0.09228727920856   0.00100269703813   0.09229272617638
     22.4000000      -0.10536596698529   0.02837664107314   0.10912021241428
     22.6000000      -0.10619201036944   0.06211984545060   0.12302690057507
     22.8000000      -0.09039809192397   0.09488109989911   0.13105051751733
     23.0000000      -0.05886451530066   0.11517623582646   0.12934680692129
     23.2000000      -0.02205246934099   0.11157068400262   0.11372919120809
     23.4000000      -0.00060093700677   0.08148688730958   0.08148910312852
     23.6000000      -0.01728619657990   0.04079186247480   0.04430337048534
     23.8000000      -0.08004853204809   0.02532380932346   0.08395869699861
     24.0000000      -0.16481729207473   0.07668319528211   0.18178298106677
     24.2000000      -0.21200453222758   0.21399296247443   0.30122899872625
     24.4000000      -0.14743390244660   0.40355132216852   0.42963987851990
     24.6000000       0.06879659378596   0.54751821929209   0.55182349693841
     24.8000000       0.38362732450809   0.52268154523936   0.64835632320742
     25.0000000       0.64297137171634   0.27637829019922   0.69985508795767
     25.2000000       0.68782986006489  -0.09633876037458   0.69454378778259
     25.4000000       0.49013709806298  -0.40244314034723   0.63418834435058
     25.6000000       0.17832331173130  -0.50316272873449   0.53382762676200
     25.8000000      -0.07901496874679  -0.40768167597698   0.41526824368528
     26.0000000      -0.19555902017959  -0.22596919237000   0.29884010151576
     26.2000000      -0.18712130246952  -0.06558663498099   0.19828259763786
     26.4000000      -0.11775190770890   0.02401975375907   0.12017678785744
     26.6000000      -0.04611622995084   0.04713663920940   0.06594368370690
     26.8000000      -0.00219850004636   0.03366169034886   0.03373340776732
     27.0000000       0.01169303160505   0.01379278213074   0.01808225171329
     27.2000000       0.00847472587495   0.00474635192731   0.00971333286125
     27.4000000       0.00313789469824   0.00958087781600   0.01008164683286
     27.6000000       0.00532812916542   0.02287556908356   0.02348788243542
     27.8000000       0.01823003569510   0.03694801224792   0.04120060449213
     28.0000000       0.04064125501380   0.04526574510084   0.06083337314855
     28.2000000       0.06908533517136   0.04314775646696   0.08145251637532
     28.4000000       0.09858243746294   0.02744365107322   0.10233108501508
     28.6000000       0.12237582533343  -0.00318975484936   0.12241738913258
     28.8000000       0.13192045470412  -0.04667691377564   0.13993477283706
     29.0000000       0.11874488566523  -0.09512760929043   0.15214995866237
     29.2000000       0.07916786772617  -0.13369828266605   0.15537947762867
     29.4000000       0.02083095278732  -0.14382256766123   0.14532329325575
     29.6000000      -0.03335576130090  -0.11301349073112   0.11783316977488
     29.8000000      -0.05075441188869  -0.04862031214401   0.07028474286179
     30.0000000      -0.00750659953552   0.01457064368711   0.01639062823821
     30.2000000       0.08805777969124   0.02499754391150   0.09153714964843
     30.4000000       0.18518564202762  -0.05592150068844   0.19344491787697
     30.6000000       0.20681059981061  -0.22016047062815   0.30206167751179
     30.8000000       0.09111259069233  -0.39599537985965   0.40634202964111
     31.0000000      -0.15418849936968  -0.46770957533786   0.49246963378526
     31.2000000      -0.42128804159073  -0.34675394448038   0.54563899420776
     31.4000000      -0.55185087103222  -0.06007305425375   0.55511093999883
     31.6000000      -0.46005201261701   0.24159879155728   0.51963239929290
     31.8000000      -0.21016909783542   0.39673901101208   0.44896869884637
     32.0000000       0.04378840632400   0.35735817238731   0.36003095408644
     32.2000000       0.18407000773655   0.19799020066060   0.27033661850693
     32.4000000       0.19059507944471   0.03049184356472   0.19301874736022
     32.6000000       0.11443357533741  -0.07177373690053   0.13507965232843
     32.8000000       0.02343505269144  -0.09422155176264   0.09709223713156
     33.0000000      -0.03573695953501  -0.06382502696094   0.07314891894876
     33.2000000      -0.05039001855731  -0.02044755021232   0.05438066089973
     33.4000000      -0.03416851809671   0.00669354771077   0.03481797251251
     33.6000000      -0.00985046250658   0.00819052287846   0.01281078750960
     33.8000000       0.00479142842344  -0.00989861613249   0.01099729001506
     34.0000000       0.00198845002786  -0.03545154487800   0.03550726640774
     34.2000000      -0.01799427527922  -0.05721121789403   0.05997430612973
     34.4000000      -0.05067129619223  -0.06710242508752   0.08408516938454
     34.6000000      -0.08956056480387  -0.05973091213911   0.10765164482235
     34.8000000      -0.12621176316780  -0.03184187608071   0.13016648660183
     35.0000000      -0.14952381154537   0.01639204860202   0.15041964458283
     35.2000000      -0.14678256676350   0.07820548933103   0.16631662715192
     35.4000000      -0.10842191673775   0.13734162851403   0.17498009873118
     35.6000000      -0.03633905512152   0.16935827996442   0.17321303045565
     35.8000000       0.04836416065108   0.15096612471838   0.15852401347420
     36.0000000       0.10647063945722   0.07692324701062   0.13135137226952
     36.2000000       0.09793525141993  -0.02508449490305   0.10109671288042
     36.4000000       0.01102387179815  -0.09793490790032   0.09855339636393
     36.6000000      -0.11744175165231  -0.08445134024071   0.14465335771981
     36.8000000      -0.21162478872661   0.03282243645132   0.21415499886340
     37.0000000      -0.19534309566884   0.20835037014962   0.28560252409068
     37.2000000      -0.04204093129110   0.34333520823049   0.34589955928636
     37.4000000       0.18781530940374   0.33559497766647   0.38457584360095
     37.6000000       0.36128670750350   0.15850692990565   0.39452823960628
     37.8000000       0.36300170179095  -0.09476092169945   0.37516645343694
     38.0000000       0.19411676700239  -0.27165285898320   0.33388110911701
     38.2000000      -0.02981996289481  -0.28200466570310   0.28357690608610
     38.4000000      -0.18005303415664  -0.15445347743866   0.23722346385193
     38.6000000      -0.20185773915617   0.01244790126498   0.20224118547700
     38.8000000      -0.12236079406083   0.12908111720857   0.17785977269469
     39.0000000      -0.00912682305579   0.15750600945642   0.15777021871689
     39.2000000       0.07505412616717   0.11306728882934   0.13571047733295
     39.4000000       0.10077735389651   0.04103563535841   0.10881175684480
     39.6000000       0.07619785363081  -0.01479956433134   0.07762177531041
     39.8000000       0.03036672130742  -0.03311569163527   0.04493091135782
     40.0000000      -0.00825516424574  -0.01665874647839   0.01859197598308
     40.2000000      -0.02379076338241   0.01881591251039   0.03033214443320
     40.4000000      -0.01327675621075   0.05615704474890   0.05770516381061
     40.6000000       0.01857516067284   0.08246770537377   0.08453377445516
     40.8000000       0.06391126379111   0.08928615650761   0.10980285689944
     41.0000000       0.11293481384633   0.07103240987935   0.13341617380128
     41.2000000       0.15276037461291   0.02524456486674   0.15483223213268
     41.4000000       0.16709803219153  -0.04406904815717   0.17281155449726
     41.6000000       0.14013266650903  -0.12174824763132   0.18563350997120
     41.8000000       0.06575700724103  -0.18006882264439   0.19169967368213
     42.0000000      -0.04115044399227  -0.18602285577920   0.19051997772677
     42.2000000      -0.14010617898178  -0.11936635922296   0.18405996061887
     42.4000000      -0.17777864174172   0.00577686401732   0.17787247571618
     42.6000000      -0.11975317627056   0.13409837235780   0.17978653090790
     42.8000000       0.01771786594305   0.19323777619669   0.19404834687010
     43.0000000       0.16574715735749   0.13958769861706   0.21669528323731
     43.2000000       0.23880229355490  -0.00811634013523   0.23894018160257
     43.4000000       0.18519002474352  -0.17153786329691   0.25242936399907
     43.6000000       0.02495056952822  -0.25045586910581   0.25169559648379
     43.8000000      -0.14645936940470  -0.18528070885959   0.23617639162697
     44.0000000      -0.21245650096871  -0.01249738845669   0.21282375225079
     44.2000000      -0.12689217057147   0.14910235611038   0.19578849698081
     44.4000000       0.04553967584476   0.19144216646816   0.19678405722534
     44.6000000       0.18809394803308   0.09875291875716   0.21244169141138
     44.8000000       0.22198665368093  -0.05883364470194   0.22965076129064
     45.0000000       0.14452434449335  -0.18881958214582   0.23778166614134
     45.2000000       0.01109908236662  -0.23129683715385   0.23156298604647
     45.4000000      -0.10548856092734  -0.18162853343967   0.21003990250894
     45.6000000      -0.15541750069217  -0.08196303617590   0.17570583035453
     45.8000000      -0.13311278234601   0.01069835174467   0.13354200670182
     46.0000000      -0.06870337312668   0.05804922381526   0.08994368162655
     46.2000000      -0.00177870829299   0.05354427697481   0.05357381263217
     46.4000000       0.04007971832795   0.01360071302231   0.04232449900427
     46.6000000       0.04730988722523  -0.03855667703466   0.06103149001310
     46.8000000       0.02321205179880  -0.08375807413942   0.08691498335876
     47.0000000      -0.02334267023732  -0.10939913428646   0.11186174876353
     47.2000000      -0.08147733916127  -0.10725892032959   0.13469607561866
     47.4000000      -0.13745207389713  -0.07197842950367   0.15515787744242
     47.6000000      -0.17275884438752  -0.00362006556866   0.17279676845599
     47.8000000      -0.16609384795676   0.08630711389858   0.18717928367901
     48.0000000      -0.10228914653910   0.17024220821319   0.19860885921076
     48.2000000       0.01371897675901   0.20837766510654   0.20882878546448
     48.4000000       0.14628764030829   0.16556601192933   0.22093478226199
     48.6000000       0.23467563873490   0.03750155622517   0.23765315511254
     48.8000000       0.22280353390881  -0.13115551243379   0.25854048650845
     49.0000000       0.10052297781678  -0.26003013180538   0.27878403561875
     49.2000000      -0.07820544988698  -0.28034341572245   0.29104728676102
     49.4000000      -0.22360758945197  -0.18204993245491   0.28834446755115
     49.6000000      -0.26467736857084  -0.02175793780582   0.26557017394870
     49.8000000      -0.19034244906268   0.10992859056820   0.21980569360116
     50.0000000      -0.05880690647380   0.13954044751714   0.15142585229181
     50.2000000       0.03235225405943   0.06073535115104   0.06881461488787
     50.4000000       0.01425680720605  -0.05249869947762   0.05440009189838
     50.6000000      -0.09631824542784  -0.10017259403968   0.13896673342544
     50.8000000      -0.21302613374809  -0.03606775389353   0.21605790087517
     51.0000000      -0.25086220322532   0.10515729898177   0.27201085003397
     51.2000000      -0.17997382280384   0.24363505570424   0.30290034213027
     51.4000000      -0.03340103074006   0.30609881690660   0.30791575887914
     51.6000000       0.11718801844838   0.26381926641209   0.28867566055709
     51.8000000       0.20338157216326   0.14505007563875   0.24980710225774
     52.0000000       0.19838537788190   0.01337350969944   0.19883563292082
     52.2000000       0.12481582639795  -0.07385971997350   0.14503188874854
     52.4000000       0.03026406390537  -0.09410248671483   0.09884933773163
     52.6000000      -0.04369236514497  -0.05905506476473   0.07346103352342
     52.8000000      -0.07689760790728   0.00360551472153   0.07698208777546
     53.0000000      -0.06852786139480   0.06746458279696   0.09616411866862
     53.2000000      -0.02762334592704   0.11444463259877   0.11773114783639
     53.4000000       0.03398400801489   0.13327362538801   0.13753825658637
     53.6000000       0.10245931628057   0.11591915643102   0.15470992961139
     53.8000000       0.15884565208707   0.05811148775246   0.16914161580099
     54.0000000       0.17824831992513  -0.03434819541614   0.18152757940455
     54.2000000       0.13692278669262  -0.13783298870845   0.19428273801853
     54.4000000       0.02753617343181  -0.21008995251962   0.21188683063598
     54.6000000      -0.12485183625816  -0.20376600137510   0.23897398254503
     54.8000000      -0.25987011170646  -0.09411773633441   0.27638853675766
     55.0000000      -0.30495401290306   0.09305927126765   0.31883691435363
     55.2000000      -0.22092273608719   0.27979721386464   0.35650152342826
     55.4000000      -0.03767625473725   0.37703103733206   0.37890883241582
     55.6000000       0.15848302641393   0.34373140684773   0.37850779346645
     55.8000000       0.28119454124364   0.21211546541155   0.35222626348979
     56.0000000       0.29480614789744   0.06043607681897   0.30093717653257
     56.2000000       0.22686742312750  -0.03587878811086   0.22968699378245
     56.4000000       0.14784944502466  -0.04546922664238   0.15468325366876
     56.6000000       0.12650868270728  -0.00071782119881   0.12651071918065
     56.8000000       0.17912537239352   0.02480484383361   0.18083467397799
     57.0000000       0.25719784923326  -0.02515012216911   0.25842457757600
     57.2000000       0.28792100680124  -0.14773304522089   0.32361019577213
     57.4000000       0.22512635230933  -0.28750089585806   0.36515563753459
     57.6000000       0.07539312911815  -0.37134457232396   0.37892072431142
     57.8000000      -0.10350692960016  -0.34926684299441   0.36428150116432
     58.0000000      -0.23286617590562  -0.22638376139284   0.32477109370028
     58.2000000      -0.26126034358047  -0.06170583503150   0.26844846284663
     58.4000000      -0.19373847835010   0.07141733463918   0.20648252633183
     58.6000000      -0.07865972368298   0.12917393492286   0.15123907429411
     58.8000000       0.02894975354748   0.11139961072262   0.11509978931175
     59.0000000       0.09472435326785   0.04623815040835   0.10540716130889
     59.2000000       0.11001933025656  -0.03288169507671   0.11482795348355
     59.4000000       0.08235855471444  -0.10104869694575   0.13036015759842
     59.6000000       0.02439664303466  -0.14319828604726   0.14526164434644
     59.8000000      -0.05023277359932  -0.14909215145237   0.15732705160962
     60.0000000      -0.12379694780307  -0.11068770569770   0.16606460332646
     60.2000000      -0.17051872363887  -0.02707399855470   0.17265467415964
     60.4000000      -0.16017040371012   0.08541719599897   0.18152315443764
     60.6000000      -0.07273139467365   0.18714620178486   0.20078236131113
     60.8000000       0.08155568768604   0.22337301022733   0.23779577770003
     61.0000000       0.25067331470454   0.15034675533598   0.29230336560672
     61.2000000       0.35406899737403  -0.03031660088806   0.35536453282630
     61.4000000       0.32592523676898  -0.25440861167406   0.41346221309430
     61.6000000       0.16485156766280  -0.42216675631008   0.45321166081011
     61.8000000      -0.05674518267499  -0.46219287025313   0.46566325286589
     62.0000000      -0.24228718538079  -0.37803898245597   0.44901731865941
     62.2000000      -0.33466175823248  -0.23391571292936   0.40830754729555
     62.4000000      -0.33824065384197  -0.10276840536437   0.35350825316049
     62.6000000      -0.29907338591223  -0.02607467044344   0.30020789230088
     62.8000000      -0.27150495303415   0.00055286652671   0.27150551593563
     63.0000000      -0.28404378710790   0.01866153983500   0.28465615409404
     63.2000000      -0.32034047954461   0.07442460438363   0.32887238341420
     63.4000000      -0.33266749055738   0.18308529714141   0.37972079914472
     63.6000000      -0.27475366822214   0.31716151455223   0.41962007162978
     63.8000000      -0.13127833789319   0.41803495553275   0.43816346954906
     64.0000000       0.06371969914209   0.42476807011203   0.42952079512575
     64.2000000       0.23462862285341   0.31575261381659   0.39338315138564
     64.4000000       0.30885364728116   0.13258413345866   0.33610880363933
     64.6000000       0.26566262174586  -0.04442537017175   0.26935152145065
     64.8000000       0.14368132706083  -0.14900586393326   0.20699534108878
     65.0000000       0.00676114862168  -0.16188162383844   0.16202275539952
     65.2000000      -0.09476435980273  -0.10533912526767   0.14169197295888
     65.4000000      -0.14034875575308  -0.01760843213857   0.14144903719650
     65.6000000      -0.13324634937242   0.06873018200086   0.14992807455226
     65.8000000      -0.08642043329050   0.13366821649282   0.15917186745933
     66.0000000      -0.01353452219612   0.16506639326318   0.16562034137144
     66.2000000       0.06995093010458   0.15245196709247   0.16773411964434
     66.4000000       0.14033060369739   0.08861212319802   0.16596622159866
     66.6000000       0.16438973182302  -0.01966821319786   0.16556214102035
     66.8000000       0.11110459257454  -0.14037385958737   0.17902248726517
     67.0000000      -0.02619773103019  -0.21756599807663   0.21913759291872
     67.2000000      -0.21063898270078  -0.19296120693418   0.28566205280841
     67.4000000      -0.36370426494328  -0.04268501720301   0.36620049567355
     67.6000000      -0.40029323056121   0.19240455930191   0.44413307113216
     67.8000000      -0.28509204487642   0.41482554528792   0.50334650795971
     68.0000000      -0.06533725801012   0.52854172564345   0.53256484396779
     68.2000000       0.16095269192269   0.50434736059705   0.52940724322431
     68.4000000       0.31699790662469   0.38819524623950   0.50118182529635
     68.6000000       0.38749635553811   0.24990757649493   0.46109350715976
     68.8000000       0.40112396362079   0.13400260489556   0.42291504147955
     69.0000000       0.39501494250858   0.04904148505741   0.39804757512350
     69.2000000       0.39290243266450  -0.02104513654499   0.39346565207891
     69.4000000       0.39585386174374  -0.10083032327263   0.40849361555439
     69.6000000       0.38342469064862  -0.20616296393867   0.43533626209973
     69.8000000       0.32408342284180  -0.33113799235122   0.46333835901990
     70.0000000       0.19263792788686  -0.44085458134891   0.48110511653574
     70.2000000      -0.00310037834138  -0.47807503435982   0.47808508743110
     70.4000000      -0.20478405359495  -0.39905034022907   0.44852835210688
     70.6000000      -0.32938327271077  -0.21792332832444   0.39494799324678
     70.8000000      -0.32761381908014  -0.00842399394175   0.32772210503139
     71.0000000      -0.21713569429696   0.14549323824457   0.26137366377031
     71.2000000      -0.06181356496026   0.20052384285041   0.20983500271545
     71.4000000       0.07362158683407   0.16542134778631   0.18106451985799
     71.6000000       0.15340749290576   0.07860896655592   0.17237525490226
     71.8000000       0.17286423423093  -0.02012594148740   0.17403188500100
     72.0000000       0.14391804124868  -0.10450479936193   0.17785852716846
     72.2000000       0.08077245207863  -0.16021491353744   0.17942409964831
     72.4000000      -0.00341097511353  -0.17598303776331   0.17601609111563
     72.6000000      -0.08940450024653  -0.14015798727836   0.16624507830987
     72.8000000      -0.14531445132345  -0.04950869075607   0.15351677505673
     73.0000000      -0.13284871678089   0.07560419211225   0.15285540688924
     73.2000000      -0.02889766482096   0.18467067119129   0.18691798155969
     73.4000000       0.14925362121136   0.21157698239727   0.25892366235058
     73.6000000       0.33461700955834   0.10984047327760   0.35218386200338
     73.8000000       0.43358820864761  -0.10845559222223   0.44694669722744
     74.0000000       0.38051732606206  -0.36141349515780   0.52479819923052
     74.2000000       0.18902497383740  -0.53959502804866   0.57174577832203
     74.4000000      -0.05348410293197  -0.58067663390772   0.58313454916755
     74.6000000      -0.25456375559189  -0.50595195014484   0.56638333442679
     74.8000000      -0.37895208812415  -0.38100614520021   0.53737358306301
     75.0000000      -0.44387181764509  -0.25330632949638   0.51106387767331
     75.2000000      -0.47534271749711  -0.13402804006481   0.49387672004373
     75.4000000      -0.48451370702709  -0.01863798073852   0.48487205180660
     75.6000000      -0.47230339760152   0.09607629043514   0.48197629917841
     75.8000000      -0.43667487277347   0.21165396647765   0.48526523266915
     76.0000000      -0.36899954014473   0.32951663572930   0.49471393132737
     76.2000000      -0.24992101025066   0.43895079619807   0.50511217847883
     76.4000000      -0.06760801989989   0.50059118883871   0.50513600415901
     76.6000000       0.14681862166793   0.46099516076912   0.48381013416527
     76.8000000       0.31566688512648   0.30383077253860   0.43813094013874
     77.0000000       0.36624905530262   0.08170536145479   0.37525209739656
     77.2000000       0.28689103191032  -0.11480999514217   0.30901100170563
     77.4000000       0.12981401432103  -0.21829487545438   0.25397702841750
     77.6000000      -0.03166927853203  -0.21685255997590   0.21915285982812
     77.8000000      -0.14551882778252  -0.14238188139361   0.20358862784641
     78.0000000      -0.19525535624724  -0.03937294327151   0.19918554868539
     78.2000000      -0.18930582576805   0.05875483962172   0.19821409346638
     78.4000000      -0.14264293563403   0.13450896393226   0.19606036943866
     78.6000000      -0.06711876664152   0.17704495885932   0.18934055638710
     78.8000000       0.02365569348938   0.17314704804182   0.17475552088578
     79.0000000       0.10332955979384   0.11117375048652   0.15177812992796
     79.2000000       0.13164828618243  -0.00239043242371   0.13166998679252
     79.4000000       0.07212702707328  -0.12858467997628   0.14743245219094
     79.6000000      -0.07919820903534  -0.20131189026461   0.21633038038222
     79.8000000      -0.27428450340892  -0.15761503335987   0.31634551925278
     80.0000000      -0.42275055079338   0.01964574316837   0.42320678565064
     80.2000000      -0.43768882846798   0.27457860427899   0.51668648181801
     80.4000000      -0.29640693770803   0.49899618737179   0.58039147799829
     80.6000000      -0.06293142864238   0.60316603198666   0.60644012635503
     80.8000000       0.16325196722470   0.57759235380832   0.60022006962494
     81.0000000       0.32563854362897   0.47868292112693   0.57894542063601
     81.2000000       0.43055005303838   0.35942298183014   0.56085490818840
     81.4000000       0.50121160938613   0.23181250686304   0.55222288590891
     81.6000000       0.53921908945032   0.09004186518804   0.54668525123161
     81.8000000       0.53362073248071  -0.05814944008387   0.53677969737623
     82.0000000       0.48539316197944  -0.19454906501342   0.52293007218365
     82.2000000       0.40632826487777  -0.31209082675827   0.51235080070713
     82.4000000       0.29562219106101  -0.41510745714216   0.50961424707590
     82.6000000       0.13562370812496  -0.48983115820774   0.50826012410645
     82.8000000      -0.07102961377035  -0.48954297891163   0.49466911590885
     83.0000000      -0.26772352833146  -0.37379371840435   0.45977998166601
     83.2000000      -0.37135401436683  -0.16356137544951   0.40577842170980
     83.4000000      -0.33909869131930   0.05922074409862   0.34423105465088
     83.6000000      -0.20001040551406   0.20934207159499   0.28953111275574
     83.8000000      -0.02625099406608   0.25022190940712   0.25159514827755
     84.0000000       0.11638543842872   0.19969844916758   0.23113857505440
     84.2000000       0.19682798921288   0.10215278258190   0.22175763420187
     84.4000000       0.21663731325644  -0.00229544407111   0.21664947393994
     84.6000000       0.19088995640209  -0.09152108044411   0.21169573359151
     84.8000000       0.13169739726772  -0.15533434721623   0.20364911949769
     85.0000000       0.04762447118815  -0.18201904160142   0.18814627756469
     85.2000000      -0.04357233596358  -0.15506405015560   0.16106957537655
     85.4000000      -0.10567953648478  -0.06741490938071   0.12535124426366
     85.6000000      -0.09430117778626   0.05804855998164   0.11073548414044
     85.8000000       0.01432210035482   0.16319752815898   0.16382477149617
     86.0000000       0.19546705092959   0.17686049532388   0.26360387479193
     86.2000000       0.37236017236556   0.05689435942160   0.37668165086463
     86.4000000       0.44920954559059  -0.17199380791130   0.48101048409524
     86.6000000       0.37140491860497  -0.41727328052537   0.55862205846562
     86.8000000       0.17026385301664  -0.57363871078211   0.59837375456468
     87.0000000      -0.06029260584866  -0.59894356073620   0.60197058671283
     87.2000000      -0.24431591003805  -0.53236430446179   0.58574910718054
     87.4000000      -0.37330310793595  -0.43282853010889   0.57157304596250
     87.6000000      -0.47255853354589  -0.31794735413749   0.56956306729815
     87.8000000      -0.54408131580762  -0.17460914722365   0.57141301394448
     88.0000000      -0.56335531763859  -0.00678055119341   0.56339612155762
     88.2000000      -0.51924552864688   0.15319460525739   0.54137279770944
     88.4000000      -0.43204825641218   0.27875249628900   0.51416792009630
     88.6000000      -0.32428953833540   0.37398473415235   0.49500331923411
     88.8000000      -0.18862904609455   0.44894557137599   0.48696308185391
     89.0000000      -0.00761888310906   0.47841366563414   0.47847432830334
     89.2000000       0.19351513723059   0.41233398321893   0.45548591861282
     89.4000000       0.33898519483475   0.23769068580509   0.41401428047309
     89.6000000       0.36150950831497   0.01236471403523   0.36172090173959
     89.8000000       0.25919975095975  -0.17305932225758   0.31166334387902
     90.0000000       0.09120151453119  -0.25852445303738   0.27413976193004
     90.2000000      -0.06955440742061  -0.24147854900881   0.25129605094994
     90.4000000      -0.17710840086329  -0.15960355978954   0.23841283932256
     90.6000000      -0.22268243130445  -0.05724228515767   0.22992203987816
     90.8000000      -0.21952260454709   0.03769247986625   0.22273503753475
     91.0000000      -0.18132553523407   0.11467305287996   0.21454337273552
     91.2000000      -0.11373266157139   0.16572695883878   0.20099886366361
     91.4000000      -0.02490312597841   0.17414223447317   0.17591385252675
     91.6000000       0.05843349978712   0.12238639593462   0.13562044022653
     91.8000000       0.09107095436230   0.01524979280878   0.09233891329862
     92.0000000       0.03383811273417  -0.10406949997937   0.10943253035257
     92.2000000      -0.11294050863452  -0.16523474414802   0.20014514524286
     92.4000000      -0.29359087648165  -0.10851292352440   0.31300264747295
     92.6000000      -0.41603150026816   0.07205836981511   0.42222579015947
     92.8000000      -0.40387515401876   0.31012704339298   0.50920911527323
     93.0000000      -0.25298330424012   0.50001183976519   0.56036808628759
     93.2000000      -0.03837289878170   0.57178207408473   0.57306825039042
     93.4000000       0.15185835471749   0.53943178578568   0.56039951053997
     93.6000000       0.28963440412940   0.46311512091727   0.54622678740393
     93.8000000       0.40047840194876   0.37239679338062   0.54686590874510
     94.0000000       0.49690896794323   0.24997196980977   0.55624141172065
     94.2000000       0.54926230518829   0.08474197553719   0.55576099388019
     94.4000000       0.52665449585778  -0.09082059896821   0.53442804866900
     94.6000000       0.44146397037558  -0.22976658268136   0.49767772670358
     94.8000000       0.33363913463893  -0.32067960177738   0.46276395620091
     95.0000000       0.21814243395189  -0.38605748278586   0.44342586923341
     95.2000000       0.07314089522873  -0.42941126143927   0.43559570935183
     95.4000000      -0.10796091264027  -0.40935282708719   0.42335008645611
     95.6000000      -0.27363911943903  -0.28677655945082   0.39638259641136
     95.8000000      -0.34680458833763  -0.08517038315881   0.35710981036574
     96.0000000      -0.29411605467555   0.11543764617792   0.31595902230038
     96.2000000      -0.15091146264288   0.23910367508216   0.28274518032109
     96.4000000       0.01269136987754   0.26022817535381   0.26053747161846
     96.6000000       0.13919193910683   0.20296775209392   0.24611034984815
     96.8000000       0.20728743799544   0.11123357650683   0.23524665883539
     97.0000000       0.22545124270957   0.01858630967616   0.22621607756007
     97.2000000       0.20921660852064  -0.06229867776036   0.21829501719363
     97.4000000       0.16425763521570  -0.12784233552825   0.20814474165823
     97.6000000       0.09058536150144  -0.16573780049184   0.18887754294838
     97.8000000       0.00189617102656  -0.15336126169829   0.15337298345619
     98.0000000      -0.06338147730818  -0.07867654315106   0.10103073843127
     98.2000000      -0.05765286161662   0.03489311011297   0.06738977360060
     98.4000000       0.04086200412711   0.12663935893528   0.13306851848887
     98.6000000       0.20156214331179   0.12841218174915   0.23899160244247
     98.8000000       0.34651145426353   0.00883476740519   0.34662406300044
     99.0000000       0.39056430857011  -0.19643571330147   0.43718127657655
     99.2000000       0.29889672911498  -0.39577759901109   0.49596286408825
     99.4000000       0.11794417812056  -0.50280419177965   0.51645220923501
     99.6000000      -0.06402921992200  -0.50273374819450   0.50679479336070
     99.8000000      -0.19829342083821  -0.44798830826203   0.48991203811214
     100.000000      -0.30336924564352  -0.38271964114501   0.48837201283498
     100.200000      -0.40670783833693  -0.29485139675398   0.50234312171310
     100.400000      -0.48709183138891  -0.15570456571883   0.51137301844299
     100.600000      -0.49712676095442   0.01778141235480   0.49744466534718
     100.800000      -0.42767947101619   0.16804201360246   0.45950826789543
     101.000000      -0.32183679865399   0.25951933839050   0.41343586197437
     101.200000      -0.21975747134687   0.31069994967835   0.38056248493894
     101.400000      -0.11230288860937   0.35071598679033   0.36825757586277
     101.600000       0.02911078411251   0.36248255128827   0.36364960846960
     101.800000       0.18764893321879   0.29695880068478   0.35127859519518
     102.000000       0.29520357104858   0.14185342002061   0.32751723791486
     102.200000       0.29503700014402  -0.04843763200310   0.29898668138907
     102.400000       0.19242169431961  -0.19505026730512   0.27399035607231
     102.600000       0.04356399342951  -0.25204307819384   0.25578024706562
     102.800000      -0.08954766743566  -0.22507929794099   0.24223846743401
     103.000000      -0.17354464697682  -0.15158058095631   0.23042225807713
     103.200000      -0.20909361442125  -0.06858627547153   0.22005503124173
     103.400000      -0.21227558697826   0.00737657080429   0.21240371612520
     103.600000      -0.19144822738808   0.07595719590154   0.20596582090061
     103.800000      -0.14199503374958   0.13246376386072   0.19418866688273
     104.000000      -0.06393041832423   0.15569079527498   0.16830544293179
     104.200000       0.01756465971058   0.12135132329634   0.12261590817068
     104.400000       0.05508806212718   0.03142233128541   0.06341969325326
     104.600000       0.01016720550662  -0.07041178194029   0.07114204877441
     104.800000      -0.11210046058435  -0.11712316017598   0.16212448276812
     105.000000      -0.25480426334901  -0.06004573477758   0.26178369484330
     105.200000      -0.33649448817897   0.09429026348195   0.34945556850954
     105.400000      -0.30215701555644   0.27809822929893   0.41065494906207
     105.600000      -0.16701493257136   0.40312577513761   0.43635350151238
     105.800000      -0.00659034877479   0.42930778690539   0.42935836849254
     106.000000       0.11487308106537   0.39212074762396   0.40860066748676
     106.200000       0.20094047539818   0.34657935023750   0.40061742431439
     106.400000       0.29049734218209   0.29574766107131   0.41455444135120
     106.600000       0.38265157825119   0.20032265782599   0.43191596124315
     106.800000       0.42600990890194   0.05137086089182   0.42909603567431
     107.000000       0.38498076083054  -0.09951185897392   0.39763399790021
     107.200000       0.28851546411109  -0.19445071714055   0.34792564496988
     107.400000       0.19419036973897  -0.23253238406813   0.30295413735377
     107.600000       0.11775273595609  -0.25574137447033   0.28154814409105
     107.800000       0.02580629478145  -0.27861269111150   0.27980528318590
     108.000000      -0.09929685209029  -0.26175091038458   0.27995250297541
     108.200000      -0.21564842821744  -0.16624505443999   0.27228966693286
     108.400000      -0.25861133114928  -0.01164540466482   0.25887339772293
     108.600000      -0.20460026629274   0.13566457502119   0.24549164116674
     108.800000      -0.08686700443123   0.21796059198121   0.23463310958954
     109.000000       0.03766791222204   0.22151410179056   0.22469394496347
     109.200000       0.12757665159256   0.17151582019878   0.21376032983234
     109.400000       0.17407162530325   0.10423768652331   0.20289511090079
     109.600000       0.19124392936387   0.04048149376983   0.19548143609143
     109.800000       0.19139443387256  -0.02021735006986   0.19245926987611
     110.000000       0.16978427767120  -0.08168771186971   0.18841333077795
     110.200000       0.11525142652320  -0.13017977312494   0.17386680145011
     110.400000       0.03590084145443  -0.13628621473838   0.14093545595362
     110.600000      -0.02986371142382  -0.08268024749784   0.08790827370793
     110.800000      -0.03487821221189   0.00887732015337   0.03599022784317
     111.000000       0.03840862033120   0.08137708216817   0.08998584120822
     111.200000       0.15726946356059   0.07807089336299   0.17558117370360
     111.400000       0.25339901891789  -0.01768735114105   0.25401556089920
     111.600000       0.26423651198350  -0.16524571017270   0.31165217630507
     111.800000       0.17867456685468  -0.28778497473387   0.33874000726705
     112.000000       0.05023794960985  -0.32990035625211   0.33370360596834
     112.200000      -0.05166729035365  -0.30504235475372   0.30938705061167
     112.400000      -0.11166212009380  -0.27010852517359   0.29227905233748
     112.600000      -0.17042986145717  -0.24826666320567   0.30113564009527
     112.800000      -0.25177459732158  -0.20260334891862   0.32316956052432
     113.000000      -0.31656443414618  -0.09823297146005   0.33145551382978
     113.200000      -0.30921342813486   0.03548626288578   0.31124302239972
     113.400000      -0.23181365437906   0.13053355301927   0.26603867918107
     113.600000      -0.14380821195018   0.15899660724697   0.21438452122379
     113.800000      -0.08811633604528   0.15840073772650   0.18126026147599
     114.000000      -0.04452141124098   0.17118609874892   0.17688085386430
     114.200000       0.02823984082342   0.18374284642350   0.18590030183284
     114.400000       0.12427499291425   0.14767820516502   0.19301068919777
     114.600000       0.18969666890996   0.04785026747785   0.19563863190392
     114.800000       0.18137711461555  -0.07520286011790   0.19634950439503
     115.000000       0.10578566895855  -0.16476531876716   0.19580147605535
     115.200000       0.00523378874423  -0.19209310045951   0.19216438741028
     115.400000      -0.07800247440681  -0.16689067855648   0.18421966399553
     115.600000      -0.12678664851312  -0.11934542271856   0.17412117667034
     115.800000      -0.15052259802405  -0.07287128310176   0.16723419631405
     116.000000      -0.16478125646468  -0.02866713173919   0.16725629113499
     116.200000      -0.16871237236552   0.02407099572167   0.17042088318113
     116.400000      -0.14497554125746   0.08301361743889   0.16706037304874
     116.600000      -0.08447762941765   0.12175269588635   0.14818970553861
     116.800000      -0.00947843630184   0.10955180249957   0.10996107577517
     117.000000       0.03372560383121   0.04495332948095   0.05619802652410
     117.200000       0.01082847568739  -0.03233340098806   0.03409845605254
     117.400000      -0.06939814821375  -0.06656226041893   0.09615943784972
     117.600000      -0.15728470414048  -0.02603800964662   0.15942539353226
     117.800000      -0.19394338590083   0.07300916138603   0.20723024533347
     118.000000      -0.15213192658541   0.17333363186481   0.23062669191148
     118.200000      -0.06118527532031   0.21716492972253   0.22561969022542
     118.400000       0.01586968051553   0.19790520269102   0.19854046441932
     118.600000       0.04740402241600   0.16464474794675   0.17133310937371
     118.800000       0.06558624300547   0.15830469953007   0.17135324089400
     119.000000       0.11455765459877   0.15689256174754   0.19426459316838
     119.200000       0.18044559631579   0.10894051311954   0.21078104428176
     119.400000       0.20244383804819   0.01194169856049   0.20279573893006
     119.600000       0.15227129927140  -0.07359238037788   0.16912240251215
     119.800000       0.07373239069692  -0.09556160624102   0.12069998353458
     120.000000       0.02869447805068  -0.07136896904638   0.07692140673014
     120.200000       0.02279264611165  -0.05804153697208   0.06235643295485
     120.400000       0.00915729608708  -0.07508081199096   0.07563718927120
     120.600000      -0.04122255780895  -0.08451623644587   0.09403347008000
     120.800000      -0.10132694446212  -0.04682245868085   0.11162209597992
     121.000000      -0.12404408049397   0.03016208557072   0.12765847136626
     121.200000      -0.09252677041189   0.10445642749321   0.13954335701673
     121.400000      -0.02805577259741   0.14164472771510   0.14439652096059
     121.600000       0.03498290376121   0.13705902402357   0.14145310043212
     121.800000       0.07560308526147   0.11031067968665   0.13373209246095
     122.000000       0.09725013307884   0.08372188326431   0.12832358365155
     122.200000       0.11651484861812   0.06131972446716   0.13166555569789
     122.400000       0.13862815002116   0.02852398980433   0.14153226477608
     122.600000       0.14606419351474  -0.02467666638431   0.14813401530693
     122.800000       0.11614953991373  -0.08199537721000   0.14217579789114
     123.000000       0.05119589575291  -0.10780242927658   0.11934145759071
     123.200000      -0.01279711961297  -0.08029189461041   0.08130531723398
     123.400000      -0.03308183221638  -0.01726194045212   0.03731463802538
     123.600000       0.00241082090949   0.03466054236413   0.03474428376631
     123.800000       0.06449967498780   0.03707682294347   0.07439690096444
     124.000000       0.10541867516279  -0.01179449608621   0.10607642156014
     124.200000       0.09324124053961  -0.07576176335005   0.12014064143026
     124.400000       0.03811725038102  -0.10588632772596   0.11253816764057
     124.600000      -0.01133202554842  -0.08370651485825   0.08447008602307
     124.800000      -0.01542661952908  -0.04462485427936   0.04721607998923
     125.000000       0.00836017738987  -0.03903817671970   0.03992332410494
     125.200000       0.00641916495194  -0.06656909751953   0.06687787693434
     125.400000      -0.03697614286402  -0.07412858791246   0.08283889597885
     125.600000      -0.07313444609271  -0.02868957578508   0.07856041601223
     125.800000      -0.05128706349945   0.03280050710868   0.06087886455070
     126.000000       0.01247825696242   0.04677984259576   0.04841549927559
     126.200000       0.05293680823253   0.00313443676918   0.05302952347238
     126.400000       0.03620957963861  -0.04408054041715   0.05704583859558
     126.600000      -0.00358594788363  -0.04627288269206   0.04641162241139
     126.800000      -0.01420190915029  -0.01527161058020   0.02085464728127
     127.000000       0.01228210149811   0.00243071136950   0.01252031848523
     127.200000       0.04203121249843  -0.01558172841555   0.04482647749382
     127.400000       0.04545003372410  -0.05242698118350   0.06938511311179
     127.600000       0.02213692750215  -0.08009472572432   0.08309758509181
     127.800000      -0.00890355923093  -0.08567680795790   0.08613819587635
     128.000000      -0.03001453740397  -0.07674871602899   0.08240896715572
     128.200000      -0.04023952224309  -0.06999464343212   0.08073703771839
     128.400000      -0.05464148874072  -0.07121209204771   0.08975998187173
     128.600000      -0.08431879694657  -0.06541091195286   0.10671572949206
     128.800000      -0.11673021161500  -0.03234504892755   0.12112862788709
     129.000000      -0.12195512298056   0.02616104918119   0.12472951741855
     129.200000      -0.08289504190834   0.07879801203889   0.11437095205631
     129.400000      -0.01795212552699   0.09021163222489   0.09198052728494
     129.600000       0.03137327038352   0.05539705933188   0.06366408938465
     129.800000       0.03788932445429   0.00538240816454   0.03826971681698
     130.000000       0.01124257906362  -0.02232919888765   0.02499977413830
     130.200000      -0.01520586074840  -0.01544793846455   0.02167618517877
     130.400000      -0.01388198754700   0.00681939890519   0.01546653741738
     130.600000       0.01470398897708   0.01005827266067   0.01781505376793
     130.800000       0.03756578913588  -0.02529564261962   0.04528860837938
     131.000000       0.01647757978193  -0.07666096694925   0.07841182620666
     131.200000      -0.04513283959297  -0.09343451480121   0.10376406779739
     131.400000      -0.09553051395822  -0.05549782256088   0.11048116312802
     131.600000      -0.09400804210285  -0.00398052890162   0.09409227699629
     131.800000      -0.06418724167634   0.00782620879623   0.06466259767546
     132.000000      -0.06428346568314  -0.01546268739343   0.06611700735561
     132.200000      -0.10887051548236  -0.01588623701188   0.11002345962472
     132.400000      -0.14622826581571   0.04162870404014   0.15203833307272
     132.600000      -0.12194852227683   0.12160597485313   0.17221920684257
     132.800000      -0.04462729706825   0.15964782780469   0.16576798414161
     133.000000       0.02842325173706   0.13481223371878   0.13777597613356
     133.200000       0.05705104581319   0.08148801755953   0.09947421190520
     133.400000       0.04827908502728   0.04075315072995   0.06317981754872
     133.600000       0.02938844207946   0.02410450742446   0.03800931209629
     133.800000       0.01622660724297   0.02117033044668   0.02667368879325
     134.000000       0.00845696538224   0.02085747783643   0.02250676887457
     134.200000      -0.00049794714335   0.02186133281674   0.02186700308414
     134.400000      -0.01116949842266   0.03191560970197   0.03381366347591
     134.600000      -0.01113034859437   0.05542613584932   0.05653265600535
     134.800000       0.01443743418385   0.07892584332563   0.08023545507115
     135.000000       0.06082453602780   0.07597561636980   0.09732378160434
     135.200000       0.09801080194031   0.03330902695122   0.10351622372083
     135.400000       0.09413593315282  -0.02970021992005   0.09871006521045
     135.600000       0.04660301355593  -0.07345279012934   0.08698938584838
     135.800000      -0.01360866312912  -0.07349897508410   0.07474821101923
     136.000000      -0.05198893739619  -0.04135137883301   0.06642880506961
     136.200000      -0.06174289386940  -0.00720707411592   0.06216210148217
     136.400000      -0.06178176456447   0.01281959888262   0.06309776975624
     136.600000      -0.07072440082527   0.02771169421178   0.07595971872105
     136.800000      -0.08794334953934   0.05824181157895   0.10548052590027
     137.000000      -0.09070015893921   0.11657650902211   0.14770443895625
     137.200000      -0.04835396221951   0.18634938978676   0.19252065015531
     137.400000       0.04357701286533   0.22247493759718   0.22670256705458
     137.600000       0.14230456307540   0.19154560872091   0.23862168571265
     137.800000       0.19305115023171   0.11552066360637   0.22497504378451
     138.000000       0.19048798937507   0.05292117804019   0.19770261804366
     138.200000       0.18371375341319   0.02941569259981   0.18605382598670
     138.400000       0.21016032730471   0.00740654524678   0.21029079886032
     138.600000       0.24287506805786  -0.06135042720426   0.25050383949603
     138.800000       0.22157738135103  -0.16736521304269   0.27768264343168
     139.000000       0.12683941368704  -0.24761064460243   0.27820723963424
     139.200000       0.00313886895637  -0.25297452624477   0.25299399879660
     139.400000      -0.08969383527611  -0.19170341561065   0.21164872700616
     139.600000      -0.12687816272255  -0.10636660593325   0.16556546449549
     139.800000      -0.11852650153433  -0.03126718995044   0.12258127399144
     140.000000      -0.08399006920109   0.01991750026556   0.08631939840634
     140.200000      -0.03864048459129   0.04535713881699   0.05958487300577
     140.400000       0.00770516627227   0.04738043790550   0.04800286953298
     140.600000       0.04810252941439   0.02704132353540   0.05518230254899
     140.800000       0.07097172677246  -0.01478425944867   0.07249524348887
     141.000000       0.06036687417574  -0.06565717450814   0.08919094159242
     141.200000       0.01319216617645  -0.09712639721461   0.09801821404371
     141.400000      -0.04630081544037  -0.08362880807935   0.09559049665744
     141.600000      -0.07880704662055  -0.02842696818437   0.08377734250505
     141.800000      -0.06205480151282   0.03419449345688   0.07085239426842
     142.000000      -0.00970584622840   0.06752222523529   0.06821623231852
     142.200000       0.04531691197438   0.06314091900555   0.07771999848017
     142.400000       0.08472384776899   0.03900743380335   0.09327223741664
     142.600000       0.11482645705577   0.00984048524918   0.11524734439422
     142.800000       0.14491437031929  -0.02963251270139   0.14791301678363
     143.000000       0.16795481985964  -0.09227073099585   0.19163170226399
     143.200000       0.16250577910397  -0.18013268784930   0.24260237730492
     143.400000       0.10517817081641  -0.27452716073402   0.29398573026079
     143.600000      -0.00915494317901  -0.33525092907742   0.33537590615887
     143.800000      -0.14698667789955  -0.32367108965817   0.35548285157016
     144.000000      -0.25030058988808  -0.24315423663968   0.34896184332122
     144.200000      -0.28941411837986  -0.14471128184950   0.32357670962558
     144.400000      -0.29284325734161  -0.07446855816930   0.30216343181507
     144.600000      -0.30732143074983  -0.02264091667282   0.30815430048258
     144.800000      -0.33340264829466   0.05714437157798   0.33826440116118
     145.000000      -0.32031076271382   0.17962448347935   0.36723826022833
     145.200000      -0.22752709009810   0.29807541494328   0.37499003949721
     145.400000      -0.07470244116374   0.34832645064780   0.35624678375631
     145.600000       0.07650344318377   0.30769736108662   0.31706536051522
     145.800000       0.17476677153801   0.20305437971946   0.26790764370782
     146.000000       0.20333896537643   0.07831045433744   0.21789736597512
     146.200000       0.17076853878769  -0.03001357446590   0.17338601008127
     146.400000       0.09881343198521  -0.09878787131967   0.13972522270717
     146.600000       0.01377939410974  -0.12062667021149   0.12141114145063
     146.800000      -0.06310504442834  -0.10039509048161   0.11858086196816
     147.000000      -0.11611085752940  -0.04662935457251   0.12512405022242
     147.200000      -0.12929228494362   0.02652147629968   0.13198440684814
     147.400000      -0.09400267264001   0.09111913464205   0.13091676424882
     147.600000      -0.02570807177167   0.11408961135914   0.11695017902636
     147.800000       0.03656004130614   0.08261554802470   0.09034359631833
     148.000000       0.05635759812758   0.01834449251375   0.05926802909071
     148.200000       0.02747415050717  -0.03909691810339   0.04778491342751
     148.400000      -0.02700937183124  -0.06496868551473   0.07035933672392
     148.600000      -0.08382044932235  -0.06221526127210   0.10438681171372
     148.800000      -0.13957942193389  -0.04028488827183   0.14527658879005
     149.000000      -0.19647243573821   0.00687594403771   0.19659271759481
     149.200000      -0.23982336025647   0.09140136857611   0.25665045159183
     149.400000      -0.24148677878503   0.20887702357053   0.31928901531944
     149.600000      -0.17908564541760   0.33257992590064   0.37773148598801
     149.800000      -0.05069654513716   0.42144748317793   0.42448571326472
     150.000000       0.11469002606336   0.43615670120385   0.45098389115737
     150.200000       0.26216245487241   0.36767601172192   0.45156926638166
     150.400000       0.34765954150285   0.25334462596255   0.43017514607666
     150.600000       0.37641894086455   0.14637552215406   0.40387747217128
     150.800000       0.39037943879736   0.06240982725488   0.39533668280812
     151.000000       0.41085616514458  -0.03059587669549   0.41199380590984
     151.200000       0.40665531575843  -0.16161403705575   0.43759301046525
     151.400000       0.32942767146466  -0.30736197843365   0.45054852847754
     151.600000       0.17198667112536  -0.40499882680871   0.44000393721104
     151.800000      -0.01880197797995  -0.40685639861464   0.40729061303894
     152.000000      -0.17891502760358  -0.31298954708211   0.36051774392539
     152.200000      -0.26404559128455  -0.16021267797788   0.30884976357713
     152.400000      -0.26006087981589   0.00151001397024   0.26006526364128
     152.600000      -0.18162158635028   0.12570005634331   0.22087757874692
     152.800000      -0.06494628893117   0.18509392891272   0.19615754628940
     153.000000       0.05109308282309   0.17897565088808   0.18612572826769
     153.200000       0.13972214743440   0.12211840138450   0.18556719117448
     153.400000       0.18314471981682   0.03381792403434   0.18624081288154
     153.600000       0.16992422169878  -0.05835195202028   0.17966410722377
     153.800000       0.10696099729922  -0.11850466988069   0.15963712515193
     154.000000       0.02715152221085  -0.12130286722722   0.12430442774057
     154.200000      -0.02669073113213  -0.07242517829263   0.07718679666295
     154.400000      -0.03074348507039  -0.00537873940537   0.03121045837318
     154.600000       0.00732675362227   0.04581722095222   0.04639934325425
     154.800000       0.06653960016755   0.06931118158386   0.09608099855334
     155.000000       0.13760051443132   0.06656244910970   0.15285437907775
     155.200000       0.21858295192955   0.02846817340683   0.22042899938837
     155.400000       0.29012388770382  -0.06186814612137   0.29664716031149
     155.600000       0.31389547452060  -0.20124371058835   0.37286646400002
     155.800000       0.25975605551809  -0.35528404389901   0.44011357650901
     156.000000       0.12659120972476  -0.47516860346488   0.49174234726973
     156.200000      -0.05576861027768  -0.51934300267637   0.52232872055940
     156.400000      -0.23534438648506  -0.47275861816231   0.52809818338711
     156.600000      -0.36259802700341  -0.36021280531376   0.51110722387653
     156.800000      -0.42414189577299  -0.23191721023347   0.48340659920235
     157.000000      -0.44853234224052  -0.12041766168425   0.46441541240711
     157.200000      -0.46693764190588  -0.01354745838224   0.46713412962151
     157.400000      -0.47019566639065   0.11972709969131   0.48519948793567
     157.600000      -0.41550301735018   0.27844635299011   0.50017509826119
     157.800000      -0.27541466188563   0.41472576107763   0.49784605339703
     158.000000      -0.07184908267664   0.46919737362576   0.47466668947672
     158.200000       0.13582835388350   0.41344161775434   0.43518193093238
     158.400000       0.28453114218378   0.26254897915729   0.38715621824910
     158.600000       0.33235807686431   0.06474733687897   0.33860612648010
     158.800000       0.27330347379840  -0.11621175458595   0.29698478192362
     159.000000       0.14110250684184  -0.22756069421557   0.26775695507106
     159.200000      -0.01044580983152  -0.25163419850261   0.25185091780474
     159.400000      -0.13746714560625  -0.20306719235825   0.24522133009466
     159.600000      -0.21526527123378  -0.10806509860231   0.24086760374795
     159.800000      -0.23082990334820   0.00362546176882   0.23085837271534
     160.000000      -0.18506017438139   0.09601349720727   0.20848467518751
     160.200000      -0.10220225328763   0.13653231326963   0.17054727539256
     160.400000      -0.02390234423431   0.11600766092261   0.11844449946127
     160.600000       0.01456874081749   0.05567819635914   0.05755266943256
     160.800000       0.00423584326780  -0.00983010609752   0.01070389434168
     161.000000      -0.04265275165196  -0.05756479688985   0.07164470018398
     161.200000      -0.11554328063041  -0.07980581703683   0.14042513354722
     161.400000      -0.21114505058543  -0.06361012113909   0.22051866111070
     161.600000      -0.31022580455283   0.01486386505876   0.31058168699223
     161.800000      -0.36644471287014   0.16148681203344   0.40044939511904
     162.000000      -0.33524975806689   0.34073940546490   0.47801228302260
     162.200000      -0.20868265139030   0.49267938449228   0.53505273094806
     162.400000      -0.01897433886515   0.56755015862530   0.56786724512951
     162.600000       0.18029229946819   0.54673662960975   0.57569632220864
     162.800000       0.33809964410178   0.44810864384453   0.56134902336241
     163.000000       0.43083359399886   0.31533824384959   0.53390616568094
     163.200000       0.47294359698642   0.18748854400132   0.50875101971611
     163.400000       0.49503722976735   0.06963787850207   0.49991128510767
     163.600000       0.50470830698826  -0.06181660716379   0.50847986003794
     163.800000       0.47325633468916  -0.22020139090827   0.52197721299053
     164.000000       0.36495694656344  -0.37891984491597   0.52609297820448
     164.200000       0.17618921225848  -0.48244671513117   0.51361218001243
     164.400000      -0.05311940650702  -0.48213513262649   0.48505253061954
     164.600000      -0.25678967182118  -0.36407598745213   0.44552470211344
     164.800000      -0.36949600861291  -0.15844534426644   0.40203510729858
     165.000000      -0.35570393185313   0.06727379506718   0.36200973832000
     165.200000      -0.23157050311485   0.23689809463040   0.33127874237926
     165.400000      -0.05609381893406   0.30638579868847   0.31147836868807
     165.600000       0.10788114530776   0.27965447348951   0.29974149872116
     165.800000       0.22199443324666   0.18757628763697   0.29063102393959
     166.000000       0.26978639176530   0.06529281104534   0.27757494187326
     166.200000       0.24909949865948  -0.05088453252619   0.25424357589291
     166.400000       0.17642808158777  -0.12586620759660   0.21672371856234
     166.600000       0.08727773292048  -0.14001487506571   0.16498959937949
     166.800000       0.02061281344521  -0.10056914329324   0.10265982983067
     167.000000      -0.00134584243619  -0.03510209086967   0.03512788173638
     167.200000       0.02156570341469   0.02886088210568   0.03602818451835
     167.400000       0.08257259020734   0.07547986779985   0.11187244118474
     167.600000       0.17951517614869   0.08792392726535   0.19989075879955
     167.800000       0.29767360852812   0.03620550753054   0.29986733064757
     168.000000       0.38899504093890  -0.09936548378671   0.40148554300650
     168.200000       0.39338162143389  -0.29193635271641   0.48987338580425
     168.400000       0.28678247606268  -0.47353454335776   0.55360559275506
     168.600000       0.09913452689238  -0.57991626202183   0.58832858623353
     168.800000      -0.11012703758378  -0.58534445553063   0.59561404955510
     169.000000      -0.28625913219502  -0.50538819447464   0.58082830326989
     169.200000      -0.40138551350658  -0.38006793506012   0.55277659656846
     169.400000      -0.46087751822034  -0.24886337569853   0.52377577890259
     169.600000      -0.49002453403428  -0.12724345889661   0.50627555914491
     169.800000      -0.50532236095670  -0.00227321668548   0.50532747401755
     170.000000      -0.49403281395195   0.14442555908540   0.51471075700670
     170.200000      -0.42355800015289   0.30642121422389   0.52277656797140
     170.400000      -0.27189056009384   0.44399113127575   0.52062712311179
     170.600000      -0.05209460311580   0.50244777075636   0.50514117829754
     170.800000       0.18359314538005   0.44136887358959   0.47803025595069
     171.000000       0.35940140788553   0.26102787666297   0.44419018942935
     171.200000       0.40988471601671   0.01521518678864   0.41016701760760
     171.400000       0.32058797139920  -0.20715723141894   0.38169459772836
     171.600000       0.14063476975084  -0.33230431758221   0.36083832660438
     171.800000      -0.05297844893682  -0.34156104640755   0.34564528707155
     172.000000      -0.20268577077389  -0.26320738637411   0.33220422922669
     172.200000      -0.28349881409282  -0.13921473338694   0.31583590610320
     172.400000      -0.29139688755537  -0.00887400610167   0.29153197776788
     172.600000      -0.23818622434472   0.09246793661403   0.25550537522574
     172.800000      -0.15201791864470   0.14018018036897   0.20678474449858
     173.000000      -0.06898584322459   0.13016369011796   0.14731474057450
     173.200000      -0.01786555062538   0.07879544262546   0.08079541866771
     173.400000      -0.01068111215063   0.01072866879490   0.01513903863807
     173.600000      -0.04849979252773  -0.05385662297112   0.07247596645155
     173.800000      -0.13289173724389  -0.09496517539593   0.16333584531780
     174.000000      -0.25645001681016  -0.07887188655202   0.26830465074278
     174.200000      -0.37688447508234   0.02815742615054   0.37793484650865
     174.400000      -0.42363153596019   0.21680323520746   0.47588582775327
     174.600000      -0.35047102532123   0.42019939772374   0.54717225207160
     174.800000      -0.17548797872325   0.55766419215336   0.58462413727662
     175.000000       0.03635777541052   0.58890309634026   0.59002435942252
     175.200000       0.22093465027646   0.52696991464389   0.57141001971664
     175.400000       0.34644359591322   0.41395439142597   0.53979755772894
     175.600000       0.41575439179447   0.29011041091939   0.50696722262904
     175.800000       0.45072579296014   0.17461684833678   0.48336816626937
     176.000000       0.47056142083151   0.06223259056459   0.47465876806749
     176.200000       0.47457397641378  -0.06409893106214   0.47888321337514
     176.400000       0.44018332188453  -0.21156437444763   0.48838595536800
     176.600000       0.33830133882026  -0.36120370627108   0.49488979911849
     176.800000       0.15689693954661  -0.46726192865205   0.49289994888083
     177.000000      -0.07846560476400  -0.47422660363031   0.48067423763056
     177.200000      -0.29956418965836  -0.34937516522268   0.46021919755704
     177.400000      -0.42049385929897  -0.11666172213694   0.43637717988008
     177.600000      -0.38993276522604   0.13971467440542   0.41420737757920
     177.800000      -0.23058667749959   0.32167377694874   0.39578306509598
     178.000000      -0.02157740857460   0.37902147766669   0.37963517367788
     178.200000       0.15937775995347   0.32614740892809   0.36300606429961
     178.400000       0.27207179186237   0.20918571312979   0.34319341850452
     178.600000       0.30857249473798   0.07365523965148   0.31724135738730
     178.800000       0.27903728921291  -0.04395731192396   0.28247841341043
     179.000000       0.20641134723171  -0.11810915463600   0.23781382776205
     179.200000       0.12075340475325  -0.13868169292171   0.18388582520448
     179.400000       0.05011806597518  -0.11145167314851   0.12220186571692
     179.600000       0.01361935329663  -0.05255165150433   0.05428777818304
     179.800000       0.02148184363865   0.01935497650454   0.02891512963150
     180.000000       0.08158272291375   0.08323151503677   0.11654709680356
     180.200000       0.19523211687789   0.10434913659983   0.22136919787936
     180.400000       0.33182787052020   0.03841782945146   0.33404440614046
     180.600000       0.41954225553239  -0.12727818494254   0.43842381383711
     180.800000       0.39032229097582  -0.33885544093954   0.51688925379325
     181.000000       0.24001692499160  -0.50420110523596   0.55841461191805
     181.200000       0.03221286521079  -0.56160174611515   0.56252483494035
     181.400000      -0.15540369311925  -0.51521402655320   0.53814106049647
     181.600000      -0.28153584950333  -0.41232608922595   0.49927471236978
     181.800000      -0.34909499920188  -0.29956579314232   0.46000759003385
     182.000000      -0.38222703123292  -0.19834638843983   0.43062604799554
     182.200000      -0.40219820513917  -0.10593491911840   0.41591537998227
     182.400000      -0.41534075648799  -0.00752027317265   0.41540883296893
     182.600000      -0.41013685622374   0.11081326129800   0.42484328841655
     182.800000      -0.36039785375007   0.24898986146351   0.43804402073224
     183.000000      -0.23774838967772   0.38052381201005   0.44868994673495
     183.200000      -0.03681112158015   0.45068593627450   0.45218676653305
     183.400000       0.19882223349936   0.40084200341564   0.44744227810516
     183.600000       0.38009680225045   0.21577127804454   0.43707073055741
     183.800000       0.42258181808740  -0.04467443349087   0.42493669879852
     184.000000       0.30982817837853  -0.27254828976119   0.41264521125188
     184.200000       0.10607819344375  -0.38432154893380   0.39869240787751
     184.400000      -0.09687864180437  -0.36835810064310   0.38088470899637
     184.600000      -0.23836727618353  -0.26727772065497   0.35812894090490
     184.800000      -0.30130875077626  -0.13411274720793   0.32980781109308
     185.000000      -0.29508073615667  -0.00969333619463   0.29523990519126
     185.200000      -0.24118276182431   0.08056897837071   0.25428425998654
     185.400000      -0.16457146062227   0.12586979476080   0.20718824987067
     185.600000      -0.08766059837655   0.12606878422260   0.15355037890900
     185.800000      -0.02943812906863   0.08727528021325   0.09210634060347
     186.000000      -0.00660680522784   0.02065798162199   0.02168875469023
     186.200000      -0.03484529191563  -0.05571958226548   0.06571808135152
     186.400000      -0.12494604255304  -0.10888929199752   0.16573590878680
     186.600000      -0.26117259276459  -0.08922149565050   0.27599202614838
     186.800000      -0.38028416185177   0.03704468470473   0.38208422163206
     187.000000      -0.39941126596711   0.23915267421478   0.46553556358836
     187.200000      -0.28569939070902   0.42470405264420   0.51185708374888
     187.400000      -0.08964926657182   0.50882198692779   0.51665927396884
     187.600000       0.09898738115629   0.47680174490843   0.48696858787390
     187.800000       0.22139473325709   0.37810486358238   0.43815398637765
     188.000000       0.27647741707951   0.27228353838718   0.38804392461628
     188.200000       0.29552684919989   0.18790374186072   0.35020556078291
     188.400000       0.30662897861667   0.12182176604554   0.32994222707916
     188.600000       0.32092825135075   0.05804442802591   0.32613509185597
     188.800000       0.33497703849348  -0.02037387027186   0.33559605317660
     189.000000       0.33089734243174  -0.12630805021777   0.35418466197480
     189.200000       0.27550858137413  -0.25577348766438   0.37593224842089
     189.400000       0.13727684949790  -0.36973866912879   0.39440032563019
     189.600000      -0.07567419269617  -0.39873685431277   0.40585423790748
     189.800000      -0.29160317872747  -0.28921204021903   0.41070186029725
     190.000000      -0.40689033827125  -0.06050038022130   0.41136363887127
     190.200000      -0.36162464198596   0.19012254674710   0.40855717405656
     190.400000      -0.18762073157819   0.35349860621010   0.40020345264680
     190.600000       0.02254249586949   0.38332686353390   0.38398912540170
     190.800000       0.18721319718559   0.30717382695008   0.35972842696068
     191.000000       0.27344834304211   0.18271814908167   0.32887675247166
     191.200000       0.28726968672817   0.05862407081548   0.29319047493375
     191.400000       0.25170225063130  -0.03755440160962   0.25448842027314
     191.600000       0.19059894361594  -0.09714726616694   0.21392884011097
     191.800000       0.12016722744897  -0.12049360441269   0.17017306266602
     192.000000       0.05269504351478  -0.10716144194858   0.11941667493078
     192.200000       0.00499356834059  -0.05746931316437   0.05768585338154
     192.400000      -0.00065970223754   0.01878431976136   0.01879590050887
     192.600000       0.05635419483725   0.09373533509142   0.10937142369218
     192.800000       0.17593348686905   0.11763285597492   0.21163667122387
     193.000000       0.31089112985642   0.04101388934070   0.31358481108347
     193.200000       0.37478817180190  -0.13337364788440   0.39781239758535
     193.400000       0.30673708761765  -0.32650014544891   0.44798435898848
     193.600000       0.13204379488001  -0.43619298930131   0.45574103137849
     193.800000      -0.05623839814425  -0.42029876506394   0.42404458414193
     194.000000      -0.17669588893365  -0.32075490121626   0.36620369170764
     194.200000      -0.21451688569264  -0.21202623241397   0.30161667307848
     194.400000      -0.20713492967048  -0.13864786832963   0.24925511124538
     194.600000      -0.19594470667825  -0.10027384462598   0.22011172615583
     194.800000      -0.20005787935790  -0.07612642202194   0.21405230020498
     195.000000      -0.22136532295664  -0.04526004245617   0.22594485533163
     195.200000      -0.25055941248437   0.01271496338983   0.25088182373085
     195.400000      -0.25899432122171   0.11317787728100   0.28264339781946
     195.600000      -0.20001356978800   0.24186947787211   0.31385708917510
     195.800000      -0.04503414461523   0.33652071921538   0.33952064538472
     196.000000       0.16894232594117   0.31661027788101   0.35886428849120
     196.200000       0.34014964574610   0.15357694757914   0.37321262080605
     196.400000       0.37202630725386  -0.08733606480644   0.38214023800801
     196.600000       0.25140914565087  -0.28816414457740   0.38242009980769
     196.800000       0.05373211659160  -0.36698142959719   0.37089420327448
     197.000000      -0.12491542228475  -0.32419619167335   0.34742917756009
     197.200000      -0.23060162521042  -0.21434438602182   0.31483428239116
     197.400000      -0.26029822099271  -0.09511796523510   0.27713280419762
     197.600000      -0.23866349711982  -0.00047584702847   0.23866397149100
     197.800000      -0.19313370405394   0.06205194043382   0.20285726743994
     198.000000      -0.13755653399948   0.09827305075133   0.16905440707040
     198.200000      -0.07465270266093   0.10833251095292   0.13156351676641
     198.400000      -0.01347642720365   0.08313036033783   0.08421562147294
     198.600000       0.02203291027681   0.01957444961098   0.02947215996222
     198.800000       0.00225745419151  -0.06404657081272   0.06408634279077
     199.000000      -0.08783955241781  -0.12249028618846   0.15073041225808
     199.200000      -0.22096540717077  -0.09777600906647   0.24163166000156
     199.400000      -0.31870250511221   0.03406910416796   0.32051831558213
     199.600000      -0.29986089582160   0.21887576103702   0.37124541157092
     199.800000      -0.15684921109505   0.34945849859883   0.38304427585344
     200.000000       0.02778444754333   0.35354592352982   0.35463600433380
