#    Start: ------ Host: "mendez-famaf" ----------Wed Dec 28 11:49:50 2022

#    Time[au]   CPU-time[s]     Delta-CPU    Real time        RealT[s]     [h]
#        0.00           2.9                  Dec 28 11:49:52         0     0.00
         0.10           3.2         0.360    Dec 28 11:49:52         0     0.00
         0.20           4.3         1.100    Dec 28 11:49:53         1     0.00
         0.30           5.4         1.100    Dec 28 11:49:54         2     0.00
         0.40           6.7         1.300    Dec 28 11:49:56         4     0.00
         0.50           7.9         1.210    Dec 28 11:49:57         5     0.00
         0.60           9.2         1.280    Dec 28 11:49:58         6     0.00
         0.70          10.4         1.170    Dec 28 11:49:59         7     0.00
         0.80          11.7         1.320    Dec 28 11:50:00         8     0.00
         0.90          13.0         1.260    Dec 28 11:50:02        10     0.00
         1.00          14.1         1.170    Dec 28 11:50:03        11     0.00
         1.10          15.5         1.400    Dec 28 11:50:04        12     0.00
         1.20          16.7         1.180    Dec 28 11:50:05        13     0.00
         1.30          17.9         1.210    Dec 28 11:50:06        14     0.00
         1.40          19.2         1.290    Dec 28 11:50:08        16     0.00
         1.50          20.5         1.270    Dec 28 11:50:09        17     0.00
         1.60          21.7         1.260    Dec 28 11:50:10        18     0.01
         1.70          23.0         1.240    Dec 28 11:50:11        19     0.01
         1.80          24.1         1.170    Dec 28 11:50:13        21     0.01
         1.90          25.4         1.270    Dec 28 11:50:14        22     0.01
         2.00          26.7         1.240    Dec 28 11:50:15        23     0.01
         2.10          27.7         1.010    Dec 28 11:50:16        24     0.01
         2.20          28.6         0.890    Dec 28 11:50:17        25     0.01
         2.30          29.5         0.910    Dec 28 11:50:18        26     0.01
         2.40          30.4         0.920    Dec 28 11:50:19        27     0.01
         2.50          31.3         0.930    Dec 28 11:50:20        28     0.01
         2.60          32.3         0.950    Dec 28 11:50:21        29     0.01
         2.70          33.2         0.980    Dec 28 11:50:22        30     0.01
         2.80          34.2         0.960    Dec 28 11:50:23        31     0.01
         2.90          35.2         0.990    Dec 28 11:50:24        32     0.01
         3.00          36.2         1.000    Dec 28 11:50:25        33     0.01
         3.10          37.1         0.950    Dec 28 11:50:26        34     0.01
         3.20          38.1         1.000    Dec 28 11:50:27        35     0.01
         3.30          39.1         0.920    Dec 28 11:50:27        35     0.01
         3.40          40.0         0.960    Dec 28 11:50:28        36     0.01
         3.50          41.0         0.980    Dec 28 11:50:29        37     0.01
         3.60          42.0         0.980    Dec 28 11:50:30        38     0.01
         3.70          43.0         0.970    Dec 28 11:50:31        39     0.01
         3.80          44.0         1.000    Dec 28 11:50:32        40     0.01
         3.90          44.9         0.970    Dec 28 11:50:33        41     0.01
         4.00          45.9         1.000    Dec 28 11:50:34        42     0.01
         4.10          46.9         0.970    Dec 28 11:50:35        43     0.01
         4.20          47.9         1.000    Dec 28 11:50:36        44     0.01
         4.30          48.9         0.970    Dec 28 11:50:37        45     0.01
         4.40          49.8         0.940    Dec 28 11:50:38        46     0.01
         4.50          50.8         0.960    Dec 28 11:50:39        47     0.01
         4.60          51.8         0.990    Dec 28 11:50:40        48     0.01
         4.70          52.7         0.980    Dec 28 11:50:41        49     0.01
         4.80          53.7         1.000    Dec 28 11:50:42        50     0.01
         4.90          54.7         0.990    Dec 28 11:50:43        51     0.01
         5.00          55.7         0.930    Dec 28 11:50:44        52     0.01
         5.10          56.6         0.950    Dec 28 11:50:45        53     0.01
         5.20          57.6         0.990    Dec 28 11:50:46        54     0.01
         5.30          58.6         0.970    Dec 28 11:50:47        55     0.02
         5.40          59.5         0.990    Dec 28 11:50:48        56     0.02
         5.50          60.5         0.990    Dec 28 11:50:49        57     0.02
         5.60          61.5         0.960    Dec 28 11:50:50        58     0.02
         5.70          62.5         0.990    Dec 28 11:50:51        59     0.02
         5.80          63.5         0.960    Dec 28 11:50:52        60     0.02
         5.90          64.4         0.980    Dec 28 11:50:53        61     0.02
         6.00          65.4         0.970    Dec 28 11:50:54        62     0.02
         6.10          66.4         0.960    Dec 28 11:50:55        63     0.02
         6.20          67.3         0.970    Dec 28 11:50:56        64     0.02
         6.30          68.3         0.960    Dec 28 11:50:57        65     0.02
         6.40          69.2         0.960    Dec 28 11:50:58        66     0.02
         6.50          70.2         0.980    Dec 28 11:50:59        67     0.02
         6.60          71.2         0.960    Dec 28 11:50:59        67     0.02
         6.70          72.2         1.000    Dec 28 11:51:00        68     0.02
         6.80          73.2         0.970    Dec 28 11:51:01        69     0.02
         6.90          74.1         0.940    Dec 28 11:51:02        70     0.02
         7.00          75.1         0.970    Dec 28 11:51:03        71     0.02
         7.10          76.0         0.980    Dec 28 11:51:04        72     0.02
         7.20          77.1         1.000    Dec 28 11:51:05        73     0.02
         7.30          78.0         0.990    Dec 28 11:51:07        75     0.02
         7.40          79.0         0.940    Dec 28 11:51:08        76     0.02
         7.50          79.9         0.900    Dec 28 11:51:08        76     0.02
         7.60          80.8         0.930    Dec 28 11:51:09        77     0.02
         7.70          81.7         0.920    Dec 28 11:51:10        78     0.02
         7.80          82.7         0.940    Dec 28 11:51:11        79     0.02
         7.90          83.6         0.920    Dec 28 11:51:12        80     0.02
         8.00          84.5         0.940    Dec 28 11:51:13        81     0.02
         8.10          85.5         0.930    Dec 28 11:51:14        82     0.02
         8.20          86.4         0.910    Dec 28 11:51:14        82     0.02
         8.30          87.3         0.910    Dec 28 11:51:15        83     0.02
         8.40          88.2         0.880    Dec 28 11:51:16        84     0.02
         8.50          89.1         0.920    Dec 28 11:51:17        85     0.02
         8.60          90.0         0.930    Dec 28 11:51:18        86     0.02
         8.70          90.9         0.910    Dec 28 11:51:19        87     0.02
         8.80          91.8         0.930    Dec 28 11:51:20        88     0.02
         8.90          92.8         0.900    Dec 28 11:51:20        88     0.02
         9.00          93.7         0.950    Dec 28 11:51:21        89     0.02
         9.10          94.6         0.930    Dec 28 11:51:22        90     0.03
         9.20          95.5         0.890    Dec 28 11:51:23        91     0.03
         9.30          96.4         0.920    Dec 28 11:51:24        92     0.03
         9.40          97.4         0.930    Dec 28 11:51:25        93     0.03
         9.50          98.3         0.940    Dec 28 11:51:26        94     0.03
         9.60          99.2         0.910    Dec 28 11:51:26        94     0.03
         9.70         100.2         0.940    Dec 28 11:51:27        95     0.03
         9.80         101.1         0.920    Dec 28 11:51:28        96     0.03
         9.90         102.0         0.940    Dec 28 11:51:29        97     0.03
        10.00         102.9         0.920    Dec 28 11:51:30        98     0.03
        10.10         103.9         0.930    Dec 28 11:51:31        99     0.03
        10.20         104.8         0.930    Dec 28 11:51:32       100     0.03
        10.30         105.7         0.890    Dec 28 11:51:32       100     0.03
        10.40         106.6         0.900    Dec 28 11:51:33       101     0.03
        10.50         107.6         0.960    Dec 28 11:51:34       102     0.03
        10.60         108.5         0.950    Dec 28 11:51:35       103     0.03
        10.70         109.4         0.890    Dec 28 11:51:36       104     0.03
        10.80         110.3         0.900    Dec 28 11:51:37       105     0.03
        10.90         111.2         0.940    Dec 28 11:51:38       106     0.03
        11.00         112.1         0.910    Dec 28 11:51:38       106     0.03
        11.10         113.1         0.930    Dec 28 11:51:39       107     0.03
        11.20         114.0         0.950    Dec 28 11:51:40       108     0.03
        11.30         115.0         0.930    Dec 28 11:51:41       109     0.03
        11.40         115.9         0.940    Dec 28 11:51:42       110     0.03
        11.50         116.8         0.920    Dec 28 11:51:43       111     0.03
        11.60         117.7         0.910    Dec 28 11:51:44       112     0.03
        11.70         118.7         0.930    Dec 28 11:51:45       113     0.03
        11.80         119.6         0.950    Dec 28 11:51:45       113     0.03
        11.90         120.5         0.920    Dec 28 11:51:46       114     0.03
        12.00         121.4         0.910    Dec 28 11:51:47       115     0.03
        12.10         122.4         0.920    Dec 28 11:51:48       116     0.03
        12.20         123.3         0.920    Dec 28 11:51:49       117     0.03
        12.30         124.2         0.940    Dec 28 11:51:50       118     0.03
        12.40         125.1         0.900    Dec 28 11:51:51       119     0.03
        12.50         126.0         0.940    Dec 28 11:51:51       119     0.03
        12.60         126.9         0.880    Dec 28 11:51:52       120     0.03
        12.70         127.9         0.940    Dec 28 11:51:53       121     0.03
        12.80         128.8         0.910    Dec 28 11:51:54       122     0.03
        12.90         129.7         0.950    Dec 28 11:51:55       123     0.03
        13.00         130.6         0.900    Dec 28 11:51:56       124     0.03
        13.10         131.6         0.950    Dec 28 11:51:57       125     0.03
        13.20         132.5         0.900    Dec 28 11:51:57       125     0.03
        13.30         133.4         0.950    Dec 28 11:51:58       126     0.04
        13.40         134.3         0.920    Dec 28 11:51:59       127     0.04
        13.50         135.3         0.950    Dec 28 11:52:00       128     0.04
        13.60         136.2         0.920    Dec 28 11:52:01       129     0.04
        13.70         137.1         0.920    Dec 28 11:52:02       130     0.04
        13.80         138.1         0.930    Dec 28 11:52:03       131     0.04
        13.90         139.0         0.930    Dec 28 11:52:03       131     0.04
        14.00         139.9         0.920    Dec 28 11:52:04       132     0.04
        14.10         140.8         0.920    Dec 28 11:52:05       133     0.04
        14.20         141.8         0.930    Dec 28 11:52:06       134     0.04
        14.30         142.7         0.900    Dec 28 11:52:07       135     0.04
        14.40         143.6         0.940    Dec 28 11:52:08       136     0.04
        14.50         144.5         0.890    Dec 28 11:52:09       137     0.04
        14.60         145.5         0.970    Dec 28 11:52:09       137     0.04
        14.70         146.4         0.910    Dec 28 11:52:10       138     0.04
        14.80         147.4         1.030    Dec 28 11:52:11       139     0.04
        14.90         148.4         0.960    Dec 28 11:52:12       140     0.04
        15.00         149.3         0.920    Dec 28 11:52:13       141     0.04
        15.10         150.2         0.900    Dec 28 11:52:14       142     0.04
        15.20         151.1         0.950    Dec 28 11:52:15       143     0.04
        15.30         152.1         0.920    Dec 28 11:52:16       144     0.04
        15.40         153.0         0.910    Dec 28 11:52:17       145     0.04
        15.50         153.9         0.900    Dec 28 11:52:17       145     0.04
        15.60         154.8         0.920    Dec 28 11:52:18       146     0.04
        15.70         155.7         0.920    Dec 28 11:52:19       147     0.04
        15.80         156.7         0.940    Dec 28 11:52:20       148     0.04
        15.90         157.6         0.910    Dec 28 11:52:21       149     0.04
        16.00         158.5         0.930    Dec 28 11:52:22       150     0.04
        16.10         159.4         0.910    Dec 28 11:52:23       151     0.04
        16.20         160.4         0.950    Dec 28 11:52:23       151     0.04
        16.30         161.3         0.930    Dec 28 11:52:24       152     0.04
        16.40         162.2         0.940    Dec 28 11:52:25       153     0.04
        16.50         163.1         0.920    Dec 28 11:52:26       154     0.04
        16.60         164.1         0.930    Dec 28 11:52:27       155     0.04
        16.70         165.0         0.930    Dec 28 11:52:28       156     0.04
        16.80         165.9         0.910    Dec 28 11:52:29       157     0.04
        16.90         166.8         0.930    Dec 28 11:52:29       157     0.04
        17.00         167.8         0.930    Dec 28 11:52:30       158     0.04
        17.10         168.7         0.950    Dec 28 11:52:31       159     0.04
        17.20         169.6         0.920    Dec 28 11:52:32       160     0.04
        17.30         170.6         0.940    Dec 28 11:52:33       161     0.04
        17.40         171.5         0.930    Dec 28 11:52:34       162     0.04
        17.50         172.5         0.980    Dec 28 11:52:35       163     0.05
        17.60         173.4         0.940    Dec 28 11:52:36       164     0.05
        17.70         174.3         0.890    Dec 28 11:52:36       164     0.05
        17.80         175.3         0.940    Dec 28 11:52:37       165     0.05
        17.90         176.2         0.910    Dec 28 11:52:38       166     0.05
        18.00         177.1         0.930    Dec 28 11:52:39       167     0.05
        18.10         178.1         0.980    Dec 28 11:52:40       168     0.05
        18.20         179.1         0.990    Dec 28 11:52:41       169     0.05
        18.30         180.0         0.950    Dec 28 11:52:42       170     0.05
        18.40         181.1         1.100    Dec 28 11:52:43       171     0.05
        18.50         182.2         1.040    Dec 28 11:52:44       172     0.05
        18.60         183.2         1.060    Dec 28 11:52:45       173     0.05
        18.70         184.2         0.940    Dec 28 11:52:46       174     0.05
        18.80         185.1         0.970    Dec 28 11:52:47       175     0.05
        18.90         186.1         0.950    Dec 28 11:52:48       176     0.05
        19.00         187.1         0.970    Dec 28 11:52:49       177     0.05
        19.10         188.0         0.960    Dec 28 11:52:50       178     0.05
        19.20         189.0         0.980    Dec 28 11:52:51       179     0.05
        19.30         189.9         0.940    Dec 28 11:52:51       179     0.05
        19.40         190.9         0.990    Dec 28 11:52:52       180     0.05
        19.50         191.9         0.970    Dec 28 11:52:53       181     0.05
        19.60         192.8         0.930    Dec 28 11:52:54       182     0.05
        19.70         193.8         0.960    Dec 28 11:52:55       183     0.05
        19.80         194.7         0.950    Dec 28 11:52:56       184     0.05
        19.90         195.7         0.960    Dec 28 11:52:57       185     0.05
        20.00         196.6         0.930    Dec 28 11:52:58       186     0.05
        20.10         197.6         0.970    Dec 28 11:52:59       187     0.05
        20.20         198.5         0.910    Dec 28 11:53:00       188     0.05
        20.30         199.5         0.960    Dec 28 11:53:01       189     0.05
        20.40         200.4         0.920    Dec 28 11:53:01       189     0.05
        20.50         201.3         0.970    Dec 28 11:53:02       190     0.05
        20.60         202.3         0.910    Dec 28 11:53:03       191     0.05
        20.70         203.2         0.940    Dec 28 11:53:04       192     0.05
        20.80         204.1         0.920    Dec 28 11:53:05       193     0.05
        20.90         205.1         0.960    Dec 28 11:53:06       194     0.05
        21.00         206.0         0.930    Dec 28 11:53:07       195     0.05
        21.10         206.9         0.930    Dec 28 11:53:08       196     0.05
        21.20         207.9         0.940    Dec 28 11:53:09       197     0.05
        21.30         208.8         0.950    Dec 28 11:53:10       198     0.06
        21.40         209.8         0.950    Dec 28 11:53:10       198     0.06
        21.50         210.7         0.940    Dec 28 11:53:11       199     0.06
        21.60         211.7         0.950    Dec 28 11:53:12       200     0.06
        21.70         212.6         0.910    Dec 28 11:53:13       201     0.06
        21.80         213.5         0.960    Dec 28 11:53:14       202     0.06
        21.90         214.5         0.930    Dec 28 11:53:15       203     0.06
        22.00         215.4         0.940    Dec 28 11:53:16       204     0.06
        22.10         216.3         0.910    Dec 28 11:53:17       205     0.06
        22.20         217.3         0.960    Dec 28 11:53:18       206     0.06
        22.30         218.2         0.910    Dec 28 11:53:18       206     0.06
        22.40         219.2         0.970    Dec 28 11:53:19       207     0.06
        22.50         220.0         0.890    Dec 28 11:53:20       208     0.06
        22.60         221.0         0.950    Dec 28 11:53:21       209     0.06
        22.70         221.9         0.930    Dec 28 11:53:22       210     0.06
        22.80         222.9         0.950    Dec 28 11:53:23       211     0.06
        22.90         223.8         0.920    Dec 28 11:53:24       212     0.06
        23.00         224.8         0.960    Dec 28 11:53:25       213     0.06
        23.10         225.7         0.940    Dec 28 11:53:26       214     0.06
        23.20         226.6         0.940    Dec 28 11:53:27       215     0.06
        23.30         227.6         0.940    Dec 28 11:53:27       215     0.06
        23.40         228.5         0.920    Dec 28 11:53:28       216     0.06
        23.50         229.4         0.940    Dec 28 11:53:29       217     0.06
        23.60         230.4         0.930    Dec 28 11:53:30       218     0.06
        23.70         231.3         0.960    Dec 28 11:53:31       219     0.06
        23.80         232.2         0.900    Dec 28 11:53:32       220     0.06
        23.90         233.2         0.970    Dec 28 11:53:33       221     0.06
        24.00         234.1         0.890    Dec 28 11:53:34       222     0.06
        24.10         235.1         0.960    Dec 28 11:53:35       223     0.06
        24.20         236.0         0.920    Dec 28 11:53:35       223     0.06
        24.30         236.9         0.960    Dec 28 11:53:36       224     0.06
        24.40         237.8         0.910    Dec 28 11:53:37       225     0.06
        24.50         238.8         0.940    Dec 28 11:53:38       226     0.06
        24.60         239.7         0.930    Dec 28 11:53:39       227     0.06
        24.70         240.7         0.940    Dec 28 11:53:40       228     0.06
        24.80         241.5         0.900    Dec 28 11:53:41       229     0.06
        24.90         242.5         0.960    Dec 28 11:53:42       230     0.06
        25.00         243.4         0.930    Dec 28 11:53:43       231     0.06
        25.10         244.3         0.910    Dec 28 11:53:44       232     0.06
        25.20         245.3         0.940    Dec 28 11:53:44       232     0.06
        25.30         246.2         0.900    Dec 28 11:53:45       233     0.06
        25.40         247.1         0.960    Dec 28 11:53:46       234     0.07
        25.50         248.1         0.900    Dec 28 11:53:47       235     0.07
        25.60         249.0         0.950    Dec 28 11:53:48       236     0.07
        25.70         249.9         0.900    Dec 28 11:53:49       237     0.07
        25.80         250.8         0.950    Dec 28 11:53:50       238     0.07
        25.90         251.8         0.920    Dec 28 11:53:51       239     0.07
        26.00         252.8         0.980    Dec 28 11:53:52       240     0.07
        26.10         253.7         0.930    Dec 28 11:53:53       241     0.07
        26.20         254.7         0.980    Dec 28 11:53:53       241     0.07
        26.30         255.6         0.950    Dec 28 11:53:54       242     0.07
        26.40         256.6         0.970    Dec 28 11:53:55       243     0.07
        26.50         257.5         0.930    Dec 28 11:53:56       244     0.07
        26.60         258.5         0.990    Dec 28 11:53:57       245     0.07
        26.70         259.4         0.950    Dec 28 11:53:58       246     0.07
        26.80         260.4         0.950    Dec 28 11:53:59       247     0.07
        26.90         261.4         0.960    Dec 28 11:54:00       248     0.07
        27.00         262.3         0.960    Dec 28 11:54:01       249     0.07
        27.10         263.3         0.970    Dec 28 11:54:02       250     0.07
        27.20         264.2         0.950    Dec 28 11:54:03       251     0.07
        27.30         265.2         0.980    Dec 28 11:54:04       252     0.07
        27.40         266.1         0.930    Dec 28 11:54:05       253     0.07
        27.50         267.1         0.980    Dec 28 11:54:06       254     0.07
        27.60         268.1         0.920    Dec 28 11:54:06       254     0.07
        27.70         269.0         0.970    Dec 28 11:54:07       255     0.07
        27.80         270.0         0.940    Dec 28 11:54:08       256     0.07
        27.90         270.9         0.980    Dec 28 11:54:09       257     0.07
        28.00         271.9         0.950    Dec 28 11:54:10       258     0.07
        28.10         272.9         0.970    Dec 28 11:54:11       259     0.07
        28.20         273.8         0.930    Dec 28 11:54:12       260     0.07
        28.30         274.8         0.980    Dec 28 11:54:13       261     0.07
        28.40         275.7         0.960    Dec 28 11:54:14       262     0.07
        28.50         276.7         0.970    Dec 28 11:54:15       263     0.07
        28.60         277.7         0.950    Dec 28 11:54:16       264     0.07
        28.70         278.6         0.950    Dec 28 11:54:17       265     0.07
        28.80         279.6         0.970    Dec 28 11:54:18       266     0.07
        28.90         280.5         0.960    Dec 28 11:54:19       267     0.07
        29.00         281.5         0.970    Dec 28 11:54:20       268     0.07
        29.10         282.4         0.930    Dec 28 11:54:20       268     0.07
        29.20         283.4         0.960    Dec 28 11:54:21       269     0.07
        29.30         284.3         0.950    Dec 28 11:54:22       270     0.07
        29.40         285.3         0.980    Dec 28 11:54:23       271     0.08
        29.50         286.2         0.930    Dec 28 11:54:24       272     0.08
        29.60         287.2         0.970    Dec 28 11:54:25       273     0.08
        29.70         288.1         0.930    Dec 28 11:54:26       274     0.08
        29.80         289.1         0.970    Dec 28 11:54:27       275     0.08
        29.90         290.1         0.940    Dec 28 11:54:28       276     0.08
        30.00         291.1         0.990    Dec 28 11:54:29       277     0.08
        30.10         292.0         0.950    Dec 28 11:54:30       278     0.08
        30.20         292.9         0.950    Dec 28 11:54:31       279     0.08
        30.30         293.9         0.960    Dec 28 11:54:32       280     0.08
        30.40         294.9         0.980    Dec 28 11:54:33       281     0.08
        30.50         295.8         0.950    Dec 28 11:54:34       282     0.08
        30.60         296.8         0.960    Dec 28 11:54:35       283     0.08
        30.70         297.8         0.960    Dec 28 11:54:36       284     0.08
        30.80         298.7         0.960    Dec 28 11:54:36       284     0.08
        30.90         299.7         0.970    Dec 28 11:54:37       285     0.08
        31.00         300.6         0.930    Dec 28 11:54:38       286     0.08
        31.10         301.6         0.980    Dec 28 11:54:39       287     0.08
        31.20         302.5         0.920    Dec 28 11:54:40       288     0.08
        31.30         303.5         0.980    Dec 28 11:54:41       289     0.08
        31.40         304.4         0.930    Dec 28 11:54:42       290     0.08
        31.50         305.4         0.970    Dec 28 11:54:43       291     0.08
        31.60         306.3         0.940    Dec 28 11:54:44       292     0.08
        31.70         307.3         0.980    Dec 28 11:54:45       293     0.08
        31.80         308.2         0.920    Dec 28 11:54:46       294     0.08
        31.90         309.2         0.990    Dec 28 11:54:47       295     0.08
        32.00         310.2         0.940    Dec 28 11:54:48       296     0.08
        32.10         311.1         0.970    Dec 28 11:54:49       297     0.08
        32.20         312.1         0.960    Dec 28 11:54:49       297     0.08
        32.30         313.1         0.960    Dec 28 11:54:50       298     0.08
        32.40         314.0         0.970    Dec 28 11:54:51       299     0.08
        32.50         315.0         0.960    Dec 28 11:54:52       300     0.08
        32.60         315.9         0.960    Dec 28 11:54:53       301     0.08
        32.70         316.9         0.960    Dec 28 11:54:54       302     0.08
        32.80         317.9         0.960    Dec 28 11:54:55       303     0.08
        32.90         318.8         0.930    Dec 28 11:54:56       304     0.08
        33.00         319.8         0.990    Dec 28 11:54:57       305     0.08
        33.10         320.7         0.930    Dec 28 11:54:58       306     0.09
        33.20         321.7         0.970    Dec 28 11:54:59       307     0.09
        33.30         322.6         0.940    Dec 28 11:55:00       308     0.09
        33.40         323.6         0.980    Dec 28 11:55:01       309     0.09
        33.50         324.6         0.940    Dec 28 11:55:02       310     0.09
        33.60         325.5         0.970    Dec 28 11:55:03       311     0.09
        33.70         326.5         0.950    Dec 28 11:55:04       312     0.09
        33.80         327.4         0.980    Dec 28 11:55:04       312     0.09
        33.90         328.4         0.940    Dec 28 11:55:05       313     0.09
        34.00         329.3         0.950    Dec 28 11:55:06       314     0.09
        34.10         330.3         0.970    Dec 28 11:55:07       315     0.09
        34.20         331.3         0.960    Dec 28 11:55:08       316     0.09
        34.30         332.2         0.960    Dec 28 11:55:09       317     0.09
        34.40         333.2         0.960    Dec 28 11:55:10       318     0.09
        34.50         334.1         0.960    Dec 28 11:55:11       319     0.09
        34.60         335.1         0.960    Dec 28 11:55:12       320     0.09
        34.70         336.1         0.960    Dec 28 11:55:13       321     0.09
        34.80         337.0         0.950    Dec 28 11:55:14       322     0.09
        34.90         338.0         0.970    Dec 28 11:55:15       323     0.09
        35.00         338.9         0.940    Dec 28 11:55:16       324     0.09
        35.10         339.9         0.980    Dec 28 11:55:17       325     0.09
        35.20         340.8         0.920    Dec 28 11:55:17       325     0.09
        35.30         341.8         0.970    Dec 28 11:55:18       326     0.09
        35.40         342.7         0.940    Dec 28 11:55:19       327     0.09
        35.50         343.7         0.980    Dec 28 11:55:20       328     0.09
        35.60         344.7         0.950    Dec 28 11:55:21       329     0.09
        35.70         345.7         0.990    Dec 28 11:55:22       330     0.09
        35.80         346.6         0.930    Dec 28 11:55:23       331     0.09
        35.90         347.6         0.980    Dec 28 11:55:24       332     0.09
        36.00         348.5         0.940    Dec 28 11:55:25       333     0.09
        36.10         349.5         0.960    Dec 28 11:55:26       334     0.09
        36.20         350.4         0.960    Dec 28 11:55:27       335     0.09
        36.30         351.4         0.950    Dec 28 11:55:28       336     0.09
        36.40         352.4         0.980    Dec 28 11:55:29       337     0.09
        36.50         353.3         0.930    Dec 28 11:55:30       338     0.09
        36.60         354.3         0.970    Dec 28 11:55:31       339     0.09
        36.70         355.2         0.940    Dec 28 11:55:31       339     0.09
        36.80         356.2         0.970    Dec 28 11:55:32       340     0.09
        36.90         357.1         0.940    Dec 28 11:55:33       341     0.09
        37.00         358.1         0.970    Dec 28 11:55:34       342     0.10
        37.10         359.0         0.930    Dec 28 11:55:35       343     0.10
        37.20         360.0         0.980    Dec 28 11:55:36       344     0.10
        37.30         360.9         0.940    Dec 28 11:55:37       345     0.10
        37.40         361.9         0.980    Dec 28 11:55:38       346     0.10
        37.50         362.8         0.930    Dec 28 11:55:39       347     0.10
        37.60         363.8         0.980    Dec 28 11:55:40       348     0.10
        37.70         364.8         0.940    Dec 28 11:55:41       349     0.10
        37.80         365.7         0.970    Dec 28 11:55:42       350     0.10
        37.90         366.7         0.960    Dec 28 11:55:43       351     0.10
        38.00         367.6         0.960    Dec 28 11:55:44       352     0.10
        38.10         368.6         0.950    Dec 28 11:55:45       353     0.10
        38.20         369.6         0.970    Dec 28 11:55:46       354     0.10
        38.30         370.5         0.960    Dec 28 11:55:46       354     0.10
        38.40         371.5         0.940    Dec 28 11:55:47       355     0.10
        38.50         372.4         0.970    Dec 28 11:55:48       356     0.10
        38.60         373.4         0.940    Dec 28 11:55:49       357     0.10
        38.70         374.4         0.980    Dec 28 11:55:50       358     0.10
        38.80         375.3         0.930    Dec 28 11:55:51       359     0.10
        38.90         376.3         0.980    Dec 28 11:55:52       360     0.10
        39.00         377.2         0.930    Dec 28 11:55:53       361     0.10
        39.10         378.2         0.980    Dec 28 11:55:54       362     0.10
        39.20         379.1         0.940    Dec 28 11:55:55       363     0.10
        39.30         380.1         0.980    Dec 28 11:55:56       364     0.10
        39.40         381.0         0.940    Dec 28 11:55:57       365     0.10
        39.50         382.0         0.970    Dec 28 11:55:58       366     0.10
        39.60         383.0         0.960    Dec 28 11:55:59       367     0.10
        39.70         383.9         0.960    Dec 28 11:55:59       367     0.10
        39.80         384.9         0.960    Dec 28 11:56:00       368     0.10
        39.90         385.8         0.950    Dec 28 11:56:01       369     0.10
        40.00         386.8         0.960    Dec 28 11:56:02       370     0.10
        40.10         387.8         0.960    Dec 28 11:56:03       371     0.10
        40.20         388.7         0.970    Dec 28 11:56:04       372     0.10
        40.30         389.7         0.940    Dec 28 11:56:05       373     0.10
        40.40         390.6         0.970    Dec 28 11:56:06       374     0.10
        40.50         391.6         0.940    Dec 28 11:56:07       375     0.10
        40.60         392.6         0.980    Dec 28 11:56:08       376     0.10
        40.70         393.5         0.930    Dec 28 11:56:09       377     0.10
        40.80         394.5         0.980    Dec 28 11:56:10       378     0.10
        40.90         395.4         0.920    Dec 28 11:56:10       378     0.10
        41.00         396.4         0.970    Dec 28 11:56:11       379     0.11
        41.10         397.3         0.960    Dec 28 11:56:12       380     0.11
        41.20         398.3         0.970    Dec 28 11:56:13       381     0.11
        41.30         399.2         0.940    Dec 28 11:56:14       382     0.11
        41.40         400.2         0.980    Dec 28 11:56:15       383     0.11
        41.50         401.1         0.930    Dec 28 11:56:16       384     0.11
        41.60         402.1         0.980    Dec 28 11:56:17       385     0.11
        41.70         403.1         0.970    Dec 28 11:56:18       386     0.11
        41.80         404.1         0.970    Dec 28 11:56:19       387     0.11
        41.90         405.0         0.960    Dec 28 11:56:20       388     0.11
        42.00         406.0         0.950    Dec 28 11:56:21       389     0.11
        42.10         406.9         0.970    Dec 28 11:56:22       390     0.11
        42.20         407.9         0.930    Dec 28 11:56:23       391     0.11
        42.30         408.9         0.980    Dec 28 11:56:24       392     0.11
        42.40         409.8         0.930    Dec 28 11:56:25       393     0.11
        42.50         410.8         0.970    Dec 28 11:56:25       393     0.11
        42.60         411.7         0.930    Dec 28 11:56:26       394     0.11
        42.70         412.7         0.980    Dec 28 11:56:27       395     0.11
        42.80         413.6         0.920    Dec 28 11:56:28       396     0.11
        42.90         414.6         0.970    Dec 28 11:56:29       397     0.11
        43.00         415.5         0.930    Dec 28 11:56:30       398     0.11
        43.10         416.5         0.980    Dec 28 11:56:31       399     0.11
        43.20         417.4         0.940    Dec 28 11:56:32       400     0.11
        43.30         418.4         0.960    Dec 28 11:56:33       401     0.11
        43.40         419.3         0.960    Dec 28 11:56:34       402     0.11
        43.50         420.3         0.980    Dec 28 11:56:35       403     0.11
        43.60         421.2         0.950    Dec 28 11:56:36       404     0.11
        43.70         422.2         0.960    Dec 28 11:56:37       405     0.11
        43.80         423.2         0.950    Dec 28 11:56:38       406     0.11
        43.90         424.1         0.960    Dec 28 11:56:39       407     0.11
        44.00         425.1         0.960    Dec 28 11:56:39       407     0.11
        44.10         426.0         0.960    Dec 28 11:56:40       408     0.11
        44.20         427.0         0.960    Dec 28 11:56:41       409     0.11
        44.30         427.9         0.950    Dec 28 11:56:42       410     0.11
        44.40         428.9         0.970    Dec 28 11:56:43       411     0.11
        44.50         429.9         0.960    Dec 28 11:56:44       412     0.11
        44.60         430.8         0.960    Dec 28 11:56:45       413     0.11
        44.70         431.8         0.960    Dec 28 11:56:46       414     0.12
        44.80         432.8         0.970    Dec 28 11:56:47       415     0.12
        44.90         433.7         0.940    Dec 28 11:56:48       416     0.12
        45.00         434.7         0.980    Dec 28 11:56:49       417     0.12
        45.10         435.6         0.930    Dec 28 11:56:50       418     0.12
        45.20         436.6         0.990    Dec 28 11:56:51       419     0.12
        45.30         437.6         0.950    Dec 28 11:56:52       420     0.12
        45.40         438.5         0.950    Dec 28 11:56:53       421     0.12
        45.50         439.5         0.960    Dec 28 11:56:54       422     0.12
        45.60         440.4         0.950    Dec 28 11:56:54       422     0.12
        45.70         441.4         0.970    Dec 28 11:56:55       423     0.12
        45.80         442.4         0.960    Dec 28 11:56:56       424     0.12
        45.90         443.3         0.950    Dec 28 11:56:57       425     0.12
        46.00         444.3         0.970    Dec 28 11:56:58       426     0.12
        46.10         445.2         0.960    Dec 28 11:56:59       427     0.12
        46.20         446.2         0.950    Dec 28 11:57:00       428     0.12
        46.30         447.2         0.980    Dec 28 11:57:01       429     0.12
        46.40         448.1         0.940    Dec 28 11:57:02       430     0.12
        46.50         449.1         0.980    Dec 28 11:57:03       431     0.12
        46.60         450.0         0.930    Dec 28 11:57:04       432     0.12
        46.70         451.0         0.970    Dec 28 11:57:05       433     0.12
        46.80         451.9         0.960    Dec 28 11:57:06       434     0.12
        46.90         452.9         0.970    Dec 28 11:57:07       435     0.12
        47.00         453.9         0.960    Dec 28 11:57:08       436     0.12
        47.10         454.8         0.970    Dec 28 11:57:09       437     0.12
        47.20         455.8         0.950    Dec 28 11:57:09       437     0.12
        47.30         456.8         0.980    Dec 28 11:57:10       438     0.12
        47.40         457.7         0.950    Dec 28 11:57:11       439     0.12
        47.50         458.7         0.950    Dec 28 11:57:12       440     0.12
        47.60         459.6         0.970    Dec 28 11:57:13       441     0.12
        47.70         460.6         0.950    Dec 28 11:57:14       442     0.12
        47.80         461.6         0.980    Dec 28 11:57:15       443     0.12
        47.90         462.5         0.930    Dec 28 11:57:16       444     0.12
        48.00         463.5         0.970    Dec 28 11:57:17       445     0.12
        48.10         464.4         0.930    Dec 28 11:57:18       446     0.12
        48.20         465.4         0.990    Dec 28 11:57:19       447     0.12
        48.30         466.3         0.950    Dec 28 11:57:20       448     0.12
        48.40         467.3         0.980    Dec 28 11:57:21       449     0.12
        48.50         468.2         0.920    Dec 28 11:57:22       450     0.12
        48.60         469.2         0.970    Dec 28 11:57:23       451     0.13
        48.70         470.2         0.950    Dec 28 11:57:23       451     0.13
        48.80         471.1         0.970    Dec 28 11:57:24       452     0.13
        48.90         472.1         0.940    Dec 28 11:57:25       453     0.13
        49.00         473.0         0.980    Dec 28 11:57:26       454     0.13
        49.10         474.0         0.950    Dec 28 11:57:27       455     0.13
        49.20         474.9         0.950    Dec 28 11:57:28       456     0.13
        49.30         475.9         0.960    Dec 28 11:57:29       457     0.13
        49.40         476.9         0.960    Dec 28 11:57:30       458     0.13
        49.50         477.8         0.950    Dec 28 11:57:31       459     0.13
        49.60         478.7         0.900    Dec 28 11:57:32       460     0.13
        49.70         479.7         0.970    Dec 28 11:57:33       461     0.13
        49.80         480.6         0.940    Dec 28 11:57:34       462     0.13
        49.90         481.6         0.970    Dec 28 11:57:35       463     0.13
        50.00         482.5         0.930    Dec 28 11:57:35       463     0.13
        50.10         483.5         0.960    Dec 28 11:57:36       464     0.13
        50.20         484.4         0.960    Dec 28 11:57:38       466     0.13
        50.30         485.4         0.980    Dec 28 11:57:38       466     0.13
        50.40         486.4         0.940    Dec 28 11:57:39       467     0.13
        50.50         487.3         0.940    Dec 28 11:57:40       468     0.13
        50.60         488.2         0.940    Dec 28 11:57:41       469     0.13
        50.70         489.2         0.980    Dec 28 11:57:42       470     0.13
        50.80         490.2         0.930    Dec 28 11:57:43       471     0.13
        50.90         491.1         0.940    Dec 28 11:57:44       472     0.13
        51.00         492.1         0.970    Dec 28 11:57:45       473     0.13
        51.10         493.0         0.940    Dec 28 11:57:46       474     0.13
        51.20         493.9         0.940    Dec 28 11:57:47       475     0.13
        51.30         494.9         0.950    Dec 28 11:57:48       476     0.13
        51.40         495.9         0.980    Dec 28 11:57:48       476     0.13
        51.50         496.8         0.960    Dec 28 11:57:49       477     0.13
        51.60         497.8         1.000    Dec 28 11:57:50       478     0.13
        51.70         498.8         0.970    Dec 28 11:57:51       479     0.13
        51.80         499.8         0.960    Dec 28 11:57:52       480     0.13
        51.90         500.7         0.960    Dec 28 11:57:53       481     0.13
        52.00         501.7         0.980    Dec 28 11:57:54       482     0.13
        52.10         502.7         0.960    Dec 28 11:57:55       483     0.13
        52.20         503.6         0.980    Dec 28 11:57:56       484     0.13
        52.30         504.6         0.960    Dec 28 11:57:57       485     0.13
        52.40         505.6         0.960    Dec 28 11:57:58       486     0.14
        52.50         506.5         0.970    Dec 28 11:57:59       487     0.14
        52.60         507.5         0.990    Dec 28 11:58:00       488     0.14
        52.70         508.5         0.970    Dec 28 11:58:01       489     0.14
        52.80         509.5         0.990    Dec 28 11:58:02       490     0.14
        52.90         510.4         0.950    Dec 28 11:58:03       491     0.14
        53.00         511.4         0.980    Dec 28 11:58:03       491     0.14
        53.10         512.4         0.980    Dec 28 11:58:04       492     0.14
        53.20         513.4         0.970    Dec 28 11:58:05       493     0.14
        53.30         514.3         0.970    Dec 28 11:58:06       494     0.14
        53.40         515.3         0.960    Dec 28 11:58:07       495     0.14
        53.50         516.3         0.970    Dec 28 11:58:08       496     0.14
        53.60         517.2         0.950    Dec 28 11:58:09       497     0.14
        53.70         518.2         1.000    Dec 28 11:58:10       498     0.14
        53.80         519.2         0.960    Dec 28 11:58:11       499     0.14
        53.90         520.1         0.970    Dec 28 11:58:12       500     0.14
        54.00         521.1         0.960    Dec 28 11:58:13       501     0.14
        54.10         522.2         1.050    Dec 28 11:58:14       502     0.14
        54.20         523.1         0.960    Dec 28 11:58:15       503     0.14
        54.30         524.1         0.970    Dec 28 11:58:16       504     0.14
        54.40         525.1         0.970    Dec 28 11:58:17       505     0.14
        54.50         526.0         0.990    Dec 28 11:58:18       506     0.14
        54.60         527.0         0.950    Dec 28 11:58:19       507     0.14
        54.70         528.0         0.960    Dec 28 11:58:20       508     0.14
        54.80         529.0         0.990    Dec 28 11:58:20       508     0.14
        54.90         529.9         0.950    Dec 28 11:58:21       509     0.14
        55.00         530.9         0.970    Dec 28 11:58:22       510     0.14
        55.10         531.8         0.950    Dec 28 11:58:23       511     0.14
        55.20         532.8         0.980    Dec 28 11:58:24       512     0.14
        55.30         533.8         0.950    Dec 28 11:58:25       513     0.14
        55.40         534.7         0.990    Dec 28 11:58:26       514     0.14
        55.50         535.7         0.940    Dec 28 11:58:27       515     0.14
        55.60         536.7         0.990    Dec 28 11:58:28       516     0.14
        55.70         537.6         0.950    Dec 28 11:58:29       517     0.14
        55.80         538.6         1.000    Dec 28 11:58:30       518     0.14
        55.90         539.6         0.940    Dec 28 11:58:31       519     0.14
        56.00         540.5         0.950    Dec 28 11:58:32       520     0.14
        56.10         541.5         0.960    Dec 28 11:58:33       521     0.14
        56.20         542.5         0.980    Dec 28 11:58:34       522     0.14
        56.30         543.4         0.950    Dec 28 11:58:34       522     0.14
        56.40         544.4         0.960    Dec 28 11:58:35       523     0.15
        56.50         545.3         0.970    Dec 28 11:58:36       524     0.15
        56.60         546.3         0.960    Dec 28 11:58:37       525     0.15
        56.70         547.2         0.960    Dec 28 11:58:38       526     0.15
        56.80         548.2         0.950    Dec 28 11:58:39       527     0.15
        56.90         549.2         0.980    Dec 28 11:58:40       528     0.15
        57.00         550.1         0.950    Dec 28 11:58:41       529     0.15
        57.10         551.1         0.970    Dec 28 11:58:42       530     0.15
        57.20         552.1         0.960    Dec 28 11:58:43       531     0.15
        57.30         553.0         0.980    Dec 28 11:58:44       532     0.15
        57.40         554.0         0.950    Dec 28 11:58:45       533     0.15
        57.50         555.0         0.970    Dec 28 11:58:46       534     0.15
        57.60         555.9         0.950    Dec 28 11:58:47       535     0.15
        57.70         556.9         0.990    Dec 28 11:58:48       536     0.15
        57.80         557.8         0.940    Dec 28 11:58:48       536     0.15
        57.90         558.8         0.980    Dec 28 11:58:49       537     0.15
        58.00         559.8         0.970    Dec 28 11:58:50       538     0.15
        58.10         560.8         0.980    Dec 28 11:58:51       539     0.15
        58.20         561.7         0.960    Dec 28 11:58:52       540     0.15
        58.30         562.7         0.960    Dec 28 11:58:53       541     0.15
        58.40         563.6         0.950    Dec 28 11:58:54       542     0.15
        58.50         564.6         0.970    Dec 28 11:58:55       543     0.15
        58.60         565.6         0.960    Dec 28 11:58:56       544     0.15
        58.70         566.6         0.990    Dec 28 11:58:57       545     0.15
        58.80         567.5         0.970    Dec 28 11:58:58       546     0.15
        58.90         568.5         0.960    Dec 28 11:58:59       547     0.15
        59.00         569.5         0.980    Dec 28 11:59:00       548     0.15
        59.10         570.4         0.930    Dec 28 11:59:01       549     0.15
        59.20         571.4         0.980    Dec 28 11:59:02       550     0.15
        59.30         572.3         0.950    Dec 28 11:59:02       550     0.15
        59.40         573.3         0.970    Dec 28 11:59:03       551     0.15
        59.50         574.3         0.960    Dec 28 11:59:04       552     0.15
        59.60         575.2         0.980    Dec 28 11:59:05       553     0.15
        59.70         576.2         0.950    Dec 28 11:59:06       554     0.15
        59.80         577.1         0.950    Dec 28 11:59:07       555     0.15
        59.90         578.1         0.970    Dec 28 11:59:08       556     0.15
        60.00         579.1         0.980    Dec 28 11:59:09       557     0.15
        60.10         580.0         0.960    Dec 28 11:59:10       558     0.15
        60.20         581.0         0.960    Dec 28 11:59:11       559     0.16
        60.30         582.0         0.970    Dec 28 11:59:12       560     0.16
        60.40         582.9         0.960    Dec 28 11:59:13       561     0.16
        60.50         583.9         0.960    Dec 28 11:59:14       562     0.16
        60.60         584.9         0.960    Dec 28 11:59:15       563     0.16
        60.70         585.8         0.970    Dec 28 11:59:16       564     0.16
        60.80         586.8         0.940    Dec 28 11:59:16       564     0.16
        60.90         587.8         0.980    Dec 28 11:59:17       565     0.16
        61.00         588.7         0.940    Dec 28 11:59:18       566     0.16
        61.10         589.7         0.990    Dec 28 11:59:19       567     0.16
        61.20         590.6         0.930    Dec 28 11:59:20       568     0.16
        61.30         591.6         0.970    Dec 28 11:59:21       569     0.16
        61.40         592.5         0.970    Dec 28 11:59:22       570     0.16
        61.50         593.5         0.980    Dec 28 11:59:23       571     0.16
        61.60         594.5         0.950    Dec 28 11:59:24       572     0.16
        61.70         595.4         0.960    Dec 28 11:59:25       573     0.16
        61.80         596.4         0.950    Dec 28 11:59:26       574     0.16
        61.90         597.4         0.990    Dec 28 11:59:27       575     0.16
        62.00         598.3         0.950    Dec 28 11:59:28       576     0.16
        62.10         599.3         0.960    Dec 28 11:59:29       577     0.16
        62.20         600.3         0.970    Dec 28 11:59:30       578     0.16
        62.30         601.2         0.960    Dec 28 11:59:30       578     0.16
        62.40         602.2         0.980    Dec 28 11:59:31       579     0.16
        62.50         603.1         0.940    Dec 28 11:59:32       580     0.16
        62.60         604.1         0.970    Dec 28 11:59:33       581     0.16
        62.70         605.1         0.960    Dec 28 11:59:34       582     0.16
        62.80         606.0         0.960    Dec 28 11:59:35       583     0.16
        62.90         607.0         0.940    Dec 28 11:59:36       584     0.16
        63.00         607.9         0.970    Dec 28 11:59:37       585     0.16
        63.10         608.9         0.960    Dec 28 11:59:38       586     0.16
        63.20         609.9         0.980    Dec 28 11:59:39       587     0.16
        63.30         610.8         0.930    Dec 28 11:59:40       588     0.16
        63.40         611.8         0.950    Dec 28 11:59:41       589     0.16
        63.50         612.7         0.940    Dec 28 11:59:42       590     0.16
        63.60         613.7         0.960    Dec 28 11:59:42       590     0.16
        63.70         614.6         0.950    Dec 28 11:59:43       591     0.16
        63.80         615.6         0.990    Dec 28 11:59:44       592     0.16
        63.90         616.6         0.970    Dec 28 11:59:45       593     0.16
        64.00         617.5         0.950    Dec 28 11:59:46       594     0.17
        64.10         618.5         0.950    Dec 28 11:59:47       595     0.17
        64.20         619.4         0.960    Dec 28 11:59:48       596     0.17
        64.30         620.4         0.970    Dec 28 11:59:49       597     0.17
        64.40         621.3         0.930    Dec 28 11:59:50       598     0.17
        64.50         622.3         0.960    Dec 28 11:59:51       599     0.17
        64.60         623.2         0.950    Dec 28 11:59:52       600     0.17
        64.70         624.2         0.980    Dec 28 11:59:53       601     0.17
        64.80         625.1         0.910    Dec 28 11:59:54       602     0.17
        64.90         626.1         0.980    Dec 28 11:59:55       603     0.17
        65.00         627.1         0.960    Dec 28 11:59:55       603     0.17
        65.10         628.0         0.950    Dec 28 11:59:56       604     0.17
        65.20         629.0         0.950    Dec 28 11:59:57       605     0.17
        65.30         630.0         0.980    Dec 28 11:59:58       606     0.17
        65.40         630.9         0.930    Dec 28 11:59:59       607     0.17
        65.50         631.9         0.980    Dec 28 12:00:00       608     0.17
        65.60         632.8         0.950    Dec 28 12:00:01       609     0.17
        65.70         633.8         0.960    Dec 28 12:00:02       610     0.17
        65.80         634.7         0.940    Dec 28 12:00:03       611     0.17
        65.90         635.7         0.970    Dec 28 12:00:04       612     0.17
        66.00         636.6         0.960    Dec 28 12:00:05       613     0.17
        66.10         637.6         0.970    Dec 28 12:00:06       614     0.17
        66.20         638.6         0.950    Dec 28 12:00:07       615     0.17
        66.30         639.5         0.940    Dec 28 12:00:08       616     0.17
        66.40         640.5         0.980    Dec 28 12:00:08       616     0.17
        66.50         641.4         0.940    Dec 28 12:00:09       617     0.17
        66.60         642.4         0.980    Dec 28 12:00:10       618     0.17
        66.70         643.3         0.920    Dec 28 12:00:11       619     0.17
        66.80         644.3         0.990    Dec 28 12:00:12       620     0.17
        66.90         645.2         0.940    Dec 28 12:00:13       621     0.17
        67.00         646.2         1.000    Dec 28 12:00:14       622     0.17
        67.10         647.2         0.950    Dec 28 12:00:15       623     0.17
        67.20         648.2         0.980    Dec 28 12:00:16       624     0.17
        67.30         649.1         0.940    Dec 28 12:00:17       625     0.17
        67.40         650.1         0.960    Dec 28 12:00:18       626     0.17
        67.50         651.0         0.960    Dec 28 12:00:19       627     0.17
        67.60         652.0         0.950    Dec 28 12:00:20       628     0.17
        67.70         653.0         0.970    Dec 28 12:00:21       629     0.17
        67.80         653.9         0.940    Dec 28 12:00:21       629     0.17
        67.90         654.9         0.960    Dec 28 12:00:22       630     0.17
        68.00         655.8         0.960    Dec 28 12:00:23       631     0.18
        68.10         656.8         0.970    Dec 28 12:00:24       632     0.18
        68.20         657.7         0.940    Dec 28 12:00:25       633     0.18
        68.30         658.7         0.970    Dec 28 12:00:26       634     0.18
        68.40         659.6         0.940    Dec 28 12:00:27       635     0.18
        68.50         660.6         1.000    Dec 28 12:00:28       636     0.18
        68.60         661.6         0.940    Dec 28 12:00:29       637     0.18
        68.70         662.5         0.950    Dec 28 12:00:30       638     0.18
        68.80         663.5         0.950    Dec 28 12:00:31       639     0.18
        68.90         664.4         0.960    Dec 28 12:00:32       640     0.18
        69.00         665.4         0.970    Dec 28 12:00:33       641     0.18
        69.10         666.4         0.960    Dec 28 12:00:34       642     0.18
        69.20         667.3         0.970    Dec 28 12:00:34       642     0.18
        69.30         668.3         0.940    Dec 28 12:00:35       643     0.18
        69.40         669.2         0.940    Dec 28 12:00:36       644     0.18
        69.50         670.2         0.950    Dec 28 12:00:37       645     0.18
        69.60         671.1         0.960    Dec 28 12:00:38       646     0.18
        69.70         672.1         0.950    Dec 28 12:00:39       647     0.18
        69.80         673.0         0.960    Dec 28 12:00:40       648     0.18
        69.90         674.0         0.950    Dec 28 12:00:41       649     0.18
        70.00         675.0         0.960    Dec 28 12:00:42       650     0.18
        70.10         675.9         0.940    Dec 28 12:00:43       651     0.18
        70.20         676.8         0.950    Dec 28 12:00:44       652     0.18
        70.30         677.8         0.940    Dec 28 12:00:45       653     0.18
        70.40         678.7         0.950    Dec 28 12:00:46       654     0.18
        70.50         679.7         0.950    Dec 28 12:00:46       654     0.18
        70.60         680.6         0.970    Dec 28 12:00:47       655     0.18
        70.70         681.6         0.940    Dec 28 12:00:48       656     0.18
        70.80         682.5         0.960    Dec 28 12:00:49       657     0.18
        70.90         683.5         0.930    Dec 28 12:00:50       658     0.18
        71.00         684.4         0.970    Dec 28 12:00:51       659     0.18
        71.10         685.4         0.950    Dec 28 12:00:52       660     0.18
        71.20         686.4         0.970    Dec 28 12:00:53       661     0.18
        71.30         687.3         0.960    Dec 28 12:00:54       662     0.18
        71.40         688.3         0.950    Dec 28 12:00:55       663     0.18
        71.50         689.2         0.940    Dec 28 12:00:56       664     0.18
        71.60         690.2         0.970    Dec 28 12:00:57       665     0.18
        71.70         691.1         0.950    Dec 28 12:00:58       666     0.18
        71.80         692.1         0.950    Dec 28 12:00:58       666     0.18
        71.90         693.1         0.970    Dec 28 12:00:59       667     0.19
        72.00         694.0         0.950    Dec 28 12:01:00       668     0.19
        72.10         695.0         0.980    Dec 28 12:01:01       669     0.19
        72.20         695.9         0.900    Dec 28 12:01:02       670     0.19
        72.30         696.9         0.980    Dec 28 12:01:03       671     0.19
        72.40         697.8         0.950    Dec 28 12:01:04       672     0.19
        72.50         698.8         0.950    Dec 28 12:01:05       673     0.19
        72.60         699.7         0.970    Dec 28 12:01:06       674     0.19
        72.70         700.7         0.970    Dec 28 12:01:07       675     0.19
        72.80         701.6         0.940    Dec 28 12:01:08       676     0.19
        72.90         702.6         0.940    Dec 28 12:01:09       677     0.19
        73.00         703.6         0.960    Dec 28 12:01:10       678     0.19
        73.10         704.5         0.930    Dec 28 12:01:10       678     0.19
        73.20         705.5         0.980    Dec 28 12:01:11       679     0.19
        73.30         706.4         0.930    Dec 28 12:01:12       680     0.19
        73.40         707.4         0.970    Dec 28 12:01:13       681     0.19
        73.50         708.3         0.960    Dec 28 12:01:14       682     0.19
        73.60         709.3         0.950    Dec 28 12:01:15       683     0.19
        73.70         710.2         0.950    Dec 28 12:01:16       684     0.19
        73.80         711.2         0.960    Dec 28 12:01:17       685     0.19
        73.90         712.1         0.940    Dec 28 12:01:18       686     0.19
        74.00         713.1         0.960    Dec 28 12:01:19       687     0.19
        74.10         714.0         0.930    Dec 28 12:01:20       688     0.19
        74.20         715.0         0.980    Dec 28 12:01:21       689     0.19
        74.30         715.9         0.930    Dec 28 12:01:22       690     0.19
        74.40         716.9         0.960    Dec 28 12:01:22       690     0.19
        74.50         717.8         0.930    Dec 28 12:01:23       691     0.19
        74.60         718.8         0.950    Dec 28 12:01:24       692     0.19
        74.70         719.7         0.970    Dec 28 12:01:25       693     0.19
        74.80         720.7         0.940    Dec 28 12:01:26       694     0.19
        74.90         721.6         0.980    Dec 28 12:01:27       695     0.19
        75.00         722.6         0.950    Dec 28 12:01:28       696     0.19
        75.10         723.6         0.950    Dec 28 12:01:29       697     0.19
        75.20         724.5         0.920    Dec 28 12:01:30       698     0.19
        75.30         725.4         0.970    Dec 28 12:01:31       699     0.19
        75.40         726.4         0.940    Dec 28 12:01:32       700     0.19
        75.50         727.3         0.960    Dec 28 12:01:33       701     0.19
        75.60         728.3         0.940    Dec 28 12:01:34       702     0.20
        75.70         729.3         1.000    Dec 28 12:01:35       703     0.20
        75.80         730.2         0.950    Dec 28 12:01:35       703     0.20
        75.90         731.2         0.970    Dec 28 12:01:36       704     0.20
        76.00         732.2         0.980    Dec 28 12:01:37       705     0.20
        76.10         733.1         0.950    Dec 28 12:01:38       706     0.20
        76.20         734.1         0.930    Dec 28 12:01:39       707     0.20
        76.30         735.0         0.940    Dec 28 12:01:40       708     0.20
        76.40         735.9         0.950    Dec 28 12:01:41       709     0.20
        76.50         736.9         0.950    Dec 28 12:01:42       710     0.20
        76.60         737.9         0.960    Dec 28 12:01:43       711     0.20
        76.70         738.8         0.940    Dec 28 12:01:44       712     0.20
        76.80         739.8         0.960    Dec 28 12:01:45       713     0.20
        76.90         740.7         0.960    Dec 28 12:01:46       714     0.20
        77.00         741.7         0.960    Dec 28 12:01:47       715     0.20
        77.10         742.6         0.930    Dec 28 12:01:47       715     0.20
        77.20         743.6         0.950    Dec 28 12:01:48       716     0.20
        77.30         744.5         0.970    Dec 28 12:01:49       717     0.20
        77.40         745.5         0.950    Dec 28 12:01:50       718     0.20
        77.50         746.4         0.950    Dec 28 12:01:51       719     0.20
        77.60         747.4         0.990    Dec 28 12:01:52       720     0.20
        77.70         748.4         0.940    Dec 28 12:01:53       721     0.20
        77.80         749.3         0.950    Dec 28 12:01:54       722     0.20
        77.90         750.2         0.940    Dec 28 12:01:55       723     0.20
        78.00         751.2         0.950    Dec 28 12:01:56       724     0.20
        78.10         752.1         0.940    Dec 28 12:01:57       725     0.20
        78.20         753.1         0.960    Dec 28 12:01:58       726     0.20
        78.30         754.1         0.960    Dec 28 12:01:59       727     0.20
        78.40         755.0         0.940    Dec 28 12:01:59       727     0.20
        78.50         756.0         0.970    Dec 28 12:02:00       728     0.20
        78.60         756.9         0.950    Dec 28 12:02:01       729     0.20
        78.70         757.9         0.960    Dec 28 12:02:02       730     0.20
        78.80         758.8         0.930    Dec 28 12:02:03       731     0.20
        78.90         759.8         0.960    Dec 28 12:02:04       732     0.20
        79.00         760.7         0.930    Dec 28 12:02:05       733     0.20
        79.10         761.7         1.000    Dec 28 12:02:06       734     0.20
        79.20         762.6         0.920    Dec 28 12:02:07       735     0.20
        79.30         763.6         0.960    Dec 28 12:02:08       736     0.20
        79.40         764.5         0.940    Dec 28 12:02:09       737     0.20
        79.50         765.5         0.940    Dec 28 12:02:10       738     0.20
        79.60         766.4         0.910    Dec 28 12:02:10       738     0.20
        79.70         767.4         0.980    Dec 28 12:02:11       739     0.21
        79.80         768.3         0.970    Dec 28 12:02:12       740     0.21
        79.90         769.3         0.980    Dec 28 12:02:13       741     0.21
        80.00         770.2         0.940    Dec 28 12:02:14       742     0.21
        80.10         771.2         0.950    Dec 28 12:02:15       743     0.21
        80.20         772.1         0.960    Dec 28 12:02:16       744     0.21
        80.30         773.1         0.940    Dec 28 12:02:17       745     0.21
        80.40         774.0         0.950    Dec 28 12:02:18       746     0.21
        80.50         775.0         0.960    Dec 28 12:02:19       747     0.21
        80.60         776.0         0.970    Dec 28 12:02:20       748     0.21
        80.70         776.9         0.940    Dec 28 12:02:21       749     0.21
        80.80         777.9         0.940    Dec 28 12:02:22       750     0.21
        80.90         778.8         0.940    Dec 28 12:02:23       751     0.21
        81.00         779.8         0.960    Dec 28 12:02:23       751     0.21
        81.10         780.7         0.940    Dec 28 12:02:24       752     0.21
        81.20         781.6         0.960    Dec 28 12:02:25       753     0.21
        81.30         782.6         0.950    Dec 28 12:02:26       754     0.21
        81.40         783.6         0.970    Dec 28 12:02:27       755     0.21
        81.50         784.5         0.920    Dec 28 12:02:28       756     0.21
        81.60         785.4         0.940    Dec 28 12:02:29       757     0.21
        81.70         786.4         0.980    Dec 28 12:02:30       758     0.21
        81.80         787.3         0.940    Dec 28 12:02:31       759     0.21
        81.90         788.3         0.930    Dec 28 12:02:32       760     0.21
        82.00         789.2         0.950    Dec 28 12:02:33       761     0.21
        82.10         790.2         0.980    Dec 28 12:02:34       762     0.21
        82.20         791.2         0.960    Dec 28 12:02:35       763     0.21
        82.30         792.1         0.950    Dec 28 12:02:35       763     0.21
        82.40         793.0         0.930    Dec 28 12:02:36       764     0.21
        82.50         794.0         0.940    Dec 28 12:02:37       765     0.21
        82.60         794.9         0.950    Dec 28 12:02:38       766     0.21
        82.70         795.9         0.950    Dec 28 12:02:39       767     0.21
        82.80         796.8         0.940    Dec 28 12:02:40       768     0.21
        82.90         797.8         0.960    Dec 28 12:02:41       769     0.21
        83.00         798.7         0.920    Dec 28 12:02:42       770     0.21
        83.10         799.7         0.960    Dec 28 12:02:43       771     0.21
        83.20         800.6         0.970    Dec 28 12:02:44       772     0.21
        83.30         801.6         0.930    Dec 28 12:02:45       773     0.21
        83.40         802.5         0.960    Dec 28 12:02:46       774     0.21
        83.50         803.5         0.940    Dec 28 12:02:46       774     0.21
        83.60         804.4         0.950    Dec 28 12:02:47       775     0.22
        83.70         805.4         0.940    Dec 28 12:02:48       776     0.22
        83.80         806.3         0.950    Dec 28 12:02:49       777     0.22
        83.90         807.2         0.930    Dec 28 12:02:50       778     0.22
        84.00         808.2         0.970    Dec 28 12:02:51       779     0.22
        84.10         809.1         0.940    Dec 28 12:02:52       780     0.22
        84.20         810.1         0.950    Dec 28 12:02:53       781     0.22
        84.30         811.0         0.940    Dec 28 12:02:54       782     0.22
        84.40         812.0         0.990    Dec 28 12:02:55       783     0.22
        84.50         812.9         0.910    Dec 28 12:02:56       784     0.22
        84.60         813.9         0.960    Dec 28 12:02:57       785     0.22
        84.70         814.8         0.930    Dec 28 12:02:57       785     0.22
        84.80         815.8         0.950    Dec 28 12:02:58       786     0.22
        84.90         816.7         0.950    Dec 28 12:02:59       787     0.22
        85.00         817.7         0.970    Dec 28 12:03:00       788     0.22
        85.10         818.6         0.940    Dec 28 12:03:01       789     0.22
        85.20         819.6         0.970    Dec 28 12:03:02       790     0.22
        85.30         820.6         0.940    Dec 28 12:03:03       791     0.22
        85.40         821.5         0.940    Dec 28 12:03:04       792     0.22
        85.50         822.4         0.940    Dec 28 12:03:05       793     0.22
        85.60         823.4         0.960    Dec 28 12:03:06       794     0.22
        85.70         824.4         0.960    Dec 28 12:03:07       795     0.22
        85.80         825.3         0.940    Dec 28 12:03:08       796     0.22
        85.90         826.2         0.960    Dec 28 12:03:09       797     0.22
        86.00         827.2         0.940    Dec 28 12:03:09       797     0.22
        86.10         828.1         0.940    Dec 28 12:03:10       798     0.22
        86.20         829.1         0.940    Dec 28 12:03:11       799     0.22
        86.30         830.0         0.960    Dec 28 12:03:12       800     0.22
        86.40         831.0         0.940    Dec 28 12:03:13       801     0.22
        86.50         831.9         0.950    Dec 28 12:03:14       802     0.22
        86.60         832.9         0.950    Dec 28 12:03:15       803     0.22
        86.70         833.8         0.960    Dec 28 12:03:16       804     0.22
        86.80         834.8         0.970    Dec 28 12:03:17       805     0.22
        86.90         835.8         0.950    Dec 28 12:03:18       806     0.22
        87.00         836.7         0.940    Dec 28 12:03:19       807     0.22
        87.10         837.6         0.940    Dec 28 12:03:20       808     0.22
        87.20         838.6         0.950    Dec 28 12:03:20       808     0.22
        87.30         839.5         0.940    Dec 28 12:03:21       809     0.22
        87.40         840.4         0.930    Dec 28 12:03:22       810     0.23
        87.50         841.4         0.980    Dec 28 12:03:23       811     0.23
        87.60         842.4         0.960    Dec 28 12:03:24       812     0.23
        87.70         843.3         0.940    Dec 28 12:03:25       813     0.23
        87.80         844.3         0.970    Dec 28 12:03:26       814     0.23
        87.90         845.2         0.940    Dec 28 12:03:27       815     0.23
        88.00         846.2         0.950    Dec 28 12:03:28       816     0.23
        88.10         847.1         0.960    Dec 28 12:03:29       817     0.23
        88.20         848.1         0.970    Dec 28 12:03:30       818     0.23
        88.30         849.1         0.940    Dec 28 12:03:31       819     0.23
        88.40         850.0         0.940    Dec 28 12:03:32       820     0.23
        88.50         850.9         0.920    Dec 28 12:03:32       820     0.23
        88.60         851.9         0.950    Dec 28 12:03:33       821     0.23
        88.70         852.8         0.970    Dec 28 12:03:34       822     0.23
        88.80         853.8         0.930    Dec 28 12:03:35       823     0.23
        88.90         854.7         0.940    Dec 28 12:03:36       824     0.23
        89.00         855.7         0.950    Dec 28 12:03:37       825     0.23
        89.10         856.6         0.940    Dec 28 12:03:38       826     0.23
        89.20         857.5         0.940    Dec 28 12:03:39       827     0.23
        89.30         858.5         0.970    Dec 28 12:03:40       828     0.23
        89.40         859.4         0.930    Dec 28 12:03:41       829     0.23
        89.50         860.4         0.950    Dec 28 12:03:42       830     0.23
        89.60         861.3         0.950    Dec 28 12:03:43       831     0.23
        89.70         862.3         0.960    Dec 28 12:03:43       831     0.23
        89.80         863.2         0.930    Dec 28 12:03:44       832     0.23
        89.90         864.2         0.970    Dec 28 12:03:45       833     0.23
        90.00         865.1         0.950    Dec 28 12:03:46       834     0.23
        90.10         866.1         0.960    Dec 28 12:03:47       835     0.23
        90.20         867.0         0.940    Dec 28 12:03:48       836     0.23
        90.30         868.0         0.940    Dec 28 12:03:49       837     0.23
        90.40         868.9         0.930    Dec 28 12:03:50       838     0.23
        90.50         869.9         0.970    Dec 28 12:03:51       839     0.23
        90.60         870.8         0.930    Dec 28 12:03:52       840     0.23
        90.70         871.8         0.960    Dec 28 12:03:53       841     0.23
        90.80         872.7         0.960    Dec 28 12:03:54       842     0.23
        90.90         873.7         0.950    Dec 28 12:03:55       843     0.23
        91.00         874.6         0.930    Dec 28 12:03:55       843     0.23
        91.10         875.6         0.950    Dec 28 12:03:56       844     0.23
        91.20         876.5         0.960    Dec 28 12:03:57       845     0.23
        91.30         877.5         0.940    Dec 28 12:03:58       846     0.23
        91.40         878.4         0.950    Dec 28 12:03:59       847     0.24
        91.50         879.4         0.950    Dec 28 12:04:00       848     0.24
        91.60         880.3         0.950    Dec 28 12:04:01       849     0.24
        91.70         881.2         0.930    Dec 28 12:04:02       850     0.24
        91.80         882.2         0.960    Dec 28 12:04:03       851     0.24
        91.90         883.2         0.950    Dec 28 12:04:04       852     0.24
        92.00         884.1         0.940    Dec 28 12:04:05       853     0.24
        92.10         885.1         0.960    Dec 28 12:04:06       854     0.24
        92.20         886.0         0.950    Dec 28 12:04:06       854     0.24
        92.30         887.0         0.940    Dec 28 12:04:07       855     0.24
        92.40         887.9         0.950    Dec 28 12:04:08       856     0.24
        92.50         888.8         0.940    Dec 28 12:04:09       857     0.24
        92.60         889.8         0.960    Dec 28 12:04:10       858     0.24
        92.70         890.8         0.990    Dec 28 12:04:11       859     0.24
        92.80         891.7         0.930    Dec 28 12:04:12       860     0.24
        92.90         892.7         0.960    Dec 28 12:04:13       861     0.24
        93.00         893.6         0.950    Dec 28 12:04:14       862     0.24
        93.10         894.6         0.950    Dec 28 12:04:15       863     0.24
        93.20         895.5         0.940    Dec 28 12:04:16       864     0.24
        93.30         896.5         0.940    Dec 28 12:04:17       865     0.24
        93.40         897.4         0.950    Dec 28 12:04:18       866     0.24
        93.50         898.4         0.940    Dec 28 12:04:18       866     0.24
        93.60         899.3         0.940    Dec 28 12:04:19       867     0.24
        93.70         900.2         0.950    Dec 28 12:04:20       868     0.24
        93.80         901.2         0.930    Dec 28 12:04:21       869     0.24
        93.90         902.1         0.960    Dec 28 12:04:22       870     0.24
        94.00         903.1         0.930    Dec 28 12:04:23       871     0.24
        94.10         904.0         0.960    Dec 28 12:04:24       872     0.24
        94.20         905.0         0.960    Dec 28 12:04:25       873     0.24
        94.30         905.9         0.960    Dec 28 12:04:26       874     0.24
        94.40         906.9         0.960    Dec 28 12:04:27       875     0.24
        94.50         907.8         0.940    Dec 28 12:04:28       876     0.24
        94.60         908.8         0.960    Dec 28 12:04:29       877     0.24
        94.70         909.7         0.930    Dec 28 12:04:29       877     0.24
        94.80         910.7         0.960    Dec 28 12:04:30       878     0.24
        94.90         911.6         0.920    Dec 28 12:04:31       879     0.24
        95.00         912.6         0.950    Dec 28 12:04:32       880     0.24
        95.10         913.5         0.920    Dec 28 12:04:33       881     0.24
        95.20         914.5         0.980    Dec 28 12:04:34       882     0.24
        95.30         915.4         0.920    Dec 28 12:04:35       883     0.25
        95.40         916.4         0.970    Dec 28 12:04:36       884     0.25
        95.50         917.3         0.930    Dec 28 12:04:37       885     0.25
        95.60         918.2         0.950    Dec 28 12:04:38       886     0.25
        95.70         919.2         0.980    Dec 28 12:04:39       887     0.25
        95.80         920.2         0.940    Dec 28 12:04:40       888     0.25
        95.90         921.1         0.940    Dec 28 12:04:40       888     0.25
        96.00         922.1         0.960    Dec 28 12:04:41       889     0.25
        96.10         923.0         0.940    Dec 28 12:04:42       890     0.25
        96.20         923.9         0.960    Dec 28 12:04:43       891     0.25
        96.30         925.0         1.020    Dec 28 12:04:44       892     0.25
        96.40         925.9         0.940    Dec 28 12:04:45       893     0.25
        96.50         926.9         0.950    Dec 28 12:04:46       894     0.25
        96.60         927.8         0.940    Dec 28 12:04:47       895     0.25
        96.70         928.7         0.940    Dec 28 12:04:48       896     0.25
        96.80         929.7         0.940    Dec 28 12:04:49       897     0.25
        96.90         930.6         0.950    Dec 28 12:04:50       898     0.25
        97.00         931.6         0.940    Dec 28 12:04:51       899     0.25
        97.10         932.5         0.940    Dec 28 12:04:52       900     0.25
        97.20         933.4         0.930    Dec 28 12:04:52       900     0.25
        97.30         934.4         0.960    Dec 28 12:04:53       901     0.25
        97.40         935.3         0.940    Dec 28 12:04:54       902     0.25
        97.50         936.3         0.970    Dec 28 12:04:55       903     0.25
        97.60         937.3         0.960    Dec 28 12:04:56       904     0.25
        97.70         938.2         0.960    Dec 28 12:04:57       905     0.25
        97.80         939.2         0.940    Dec 28 12:04:58       906     0.25
        97.90         940.1         0.970    Dec 28 12:04:59       907     0.25
        98.00         941.1         0.950    Dec 28 12:05:00       908     0.25
        98.10         942.0         0.960    Dec 28 12:05:01       909     0.25
        98.20         943.0         0.970    Dec 28 12:05:02       910     0.25
        98.30         944.0         0.930    Dec 28 12:05:03       911     0.25
        98.40         944.9         0.960    Dec 28 12:05:04       912     0.25
        98.50         945.8         0.940    Dec 28 12:05:04       912     0.25
        98.60         946.8         0.960    Dec 28 12:05:05       913     0.25
        98.70         947.7         0.930    Dec 28 12:05:06       914     0.25
        98.80         948.7         0.960    Dec 28 12:05:07       915     0.25
        98.90         949.6         0.930    Dec 28 12:05:08       916     0.25
        99.00         950.6         0.960    Dec 28 12:05:09       917     0.25
        99.10         951.5         0.930    Dec 28 12:05:10       918     0.26
        99.20         952.5         0.930    Dec 28 12:05:11       919     0.26
        99.30         953.4         0.950    Dec 28 12:05:12       920     0.26
        99.40         954.3         0.940    Dec 28 12:05:13       921     0.26
        99.50         955.3         0.950    Dec 28 12:05:14       922     0.26
        99.60         956.2         0.960    Dec 28 12:05:15       923     0.26
        99.70         957.2         0.940    Dec 28 12:05:15       923     0.26
        99.80         958.2         0.960    Dec 28 12:05:16       924     0.26
        99.90         959.2         1.020    Dec 28 12:05:17       925     0.26
       100.00         960.1         0.920    Dec 28 12:05:18       926     0.26
