#Update-step  Updatetime     Error of A        Error of phi      Time in au
     1        0.10000000     0.235156E-010     0.169067E-007        0.0000
     2        0.10000000     0.338502E-009     0.282964E-007        0.1000
     3        0.10000000     0.100128E-008     0.296789E-007        0.2000
     4        0.10000000     0.198254E-008     0.303207E-007        0.3000
     5        0.10000000     0.322326E-008     0.308474E-007        0.4000
     6        0.10000000     0.460386E-008     0.317274E-007        0.5000
     7        0.10000000     0.592219E-008     0.330671E-007        0.6000
     8        0.10000000     0.688799E-008     0.348159E-007        0.7000
     9        0.10000000     0.716345E-008     0.367458E-007        0.8000
    10        0.10000000     0.647203E-008     0.385391E-007        0.9000
    11        0.10000000     0.477163E-008     0.397259E-007        1.0000
    12        0.10000000     0.245083E-008     0.400920E-007        1.1000
    13        0.10000000     0.477942E-009     0.394545E-007        1.2000
    14        0.10000000     0.419957E-009     0.377583E-007        1.3000
    15        0.10000000     0.425475E-008     0.351883E-007        1.4000
    16        0.10000000     0.139255E-007     0.319616E-007        1.5000
    17        0.10000000     0.306419E-007     0.283759E-007        1.6000
    18        0.10000000     0.540331E-007     0.247038E-007        1.7000
    19        0.10000000     0.814087E-007     0.212686E-007        1.8000
    20        0.10000000     0.107541E-006     0.183838E-007        1.9000
    21        0.10000000     0.125440E-006     0.163109E-007        2.0000
    22        0.10000000     0.128412E-006     0.153328E-007        2.1000
    23        0.10000000     0.113080E-006     0.156335E-007        2.2000
    24        0.10000000     0.821888E-007     0.172865E-007        2.3000
    25        0.10000000     0.452015E-007     0.201167E-007        2.4000
    26        0.10000000     0.150394E-007     0.236462E-007        2.5000
    27        0.10000000     0.149617E-008     0.271070E-007        2.6000
    28        0.10000000     0.523141E-008     0.296305E-007        2.7000
    29        0.10000000     0.175108E-007     0.305810E-007        2.8000
    30        0.10000000     0.268411E-007     0.298399E-007        2.9000
    31        0.10000000     0.270147E-007     0.278218E-007        3.0000
    32        0.10000000     0.196539E-007     0.252110E-007        3.1000
    33        0.10000000     0.104118E-007     0.226416E-007        3.2000
    34        0.10000000     0.382668E-008     0.205254E-007        3.3000
    35        0.10000000     0.115681E-008     0.190445E-007        3.4000
    36        0.10000000     0.127257E-008     0.182229E-007        3.5000
    37        0.10000000     0.244926E-008     0.179904E-007        3.6000
    38        0.10000000     0.348776E-008     0.182306E-007        3.7000
    39        0.10000000     0.393128E-008     0.188104E-007        3.8000
    40        0.10000000     0.381135E-008     0.195986E-007        3.9000
    41        0.10000000     0.333841E-008     0.204810E-007        4.0000
    42        0.10000000     0.271527E-008     0.213639E-007        4.1000
    43        0.10000000     0.207395E-008     0.221746E-007        4.2000
    44        0.10000000     0.148601E-008     0.228562E-007        4.3000
    45        0.10000000     0.996334E-009     0.233614E-007        4.4000
    46        0.10000000     0.661480E-009     0.236471E-007        4.5000
    47        0.10000000     0.584551E-009     0.236755E-007        4.6000
    48        0.10000000     0.939624E-009     0.233920E-007        4.7000
    49        0.10000000     0.196798E-008     0.227775E-007        4.8000
    50        0.10000000     0.391357E-008     0.218107E-007        4.9000
    51        0.10000000     0.686107E-008     0.205048E-007        5.0000
    52        0.10000000     0.104874E-007     0.189115E-007        5.1000
    53        0.10000000     0.138420E-007     0.171302E-007        5.2000
    54        0.10000000     0.154108E-007     0.152727E-007        5.3000
    55        0.10000000     0.137384E-007     0.134917E-007        5.4000
    56        0.10000000     0.863240E-008     0.119127E-007        5.5000
    57        0.10000000     0.245401E-008     0.106480E-007        5.6000
    58        0.10000000     0.505035E-009     0.980074E-008        5.7000
    59        0.10000000     0.949279E-008     0.948844E-008        5.8000
    60        0.10000000     0.339069E-007     0.986128E-008        5.9000
    61        0.10000000     0.717662E-007     0.110802E-007        6.0000
    62        0.10000000     0.112791E-006     0.132305E-007        6.1000
    63        0.10000000     0.141827E-006     0.161699E-007        6.2000
    64        0.10000000     0.146972E-006     0.194191E-007        6.3000
    65        0.10000000     0.127004E-006     0.222303E-007        6.4000
    66        0.10000000     0.918809E-007     0.238836E-007        6.5000
    67        0.10000000     0.557018E-007     0.240423E-007        6.6000
    68        0.10000000     0.283809E-007     0.228984E-007        6.7000
    69        0.10000000     0.123612E-007     0.210135E-007        6.8000
    70        0.10000000     0.490207E-008     0.190170E-007        6.9000
    71        0.10000000     0.208190E-008     0.173721E-007        7.0000
    72        0.10000000     0.119150E-008     0.163095E-007        7.1000
    73        0.10000000     0.985481E-009     0.158643E-007        7.2000
    74        0.10000000     0.959875E-009     0.159504E-007        7.3000
    75        0.10000000     0.800204E-009     0.164175E-007        7.4000
    76        0.10000000     0.405470E-009     0.170933E-007        7.5000
    77        0.10000000     0.292197E-009     0.177806E-007        7.6000
    78        0.10000000     0.194459E-008     0.183368E-007        7.7000
    79        0.10000000     0.769648E-008     0.186443E-007        7.8000
    80        0.10000000     0.199089E-007     0.186578E-007        7.9000
    81        0.10000000     0.395340E-007     0.184114E-007        8.0000
    82        0.10000000     0.645863E-007     0.180143E-007        8.1000
    83        0.10000000     0.894545E-007     0.176321E-007        8.2000
    84        0.10000000     0.106011E-006     0.174537E-007        8.3000
    85        0.10000000     0.106825E-006     0.176498E-007        8.4000
    86        0.10000000     0.894034E-007     0.183269E-007        8.5000
    87        0.10000000     0.589788E-007     0.194859E-007        8.6000
    88        0.10000000     0.272220E-007     0.209948E-007        8.7000
    89        0.10000000     0.641994E-008     0.225990E-007        8.8000
    90        0.10000000     0.235075E-008     0.239695E-007        8.9000
    91        0.10000000     0.111541E-007     0.247994E-007        9.0000
    92        0.10000000     0.229701E-007     0.249051E-007        9.1000
    93        0.10000000     0.292997E-007     0.242866E-007        9.2000
    94        0.10000000     0.278327E-007     0.231168E-007        9.3000
    95        0.10000000     0.215202E-007     0.216592E-007        9.4000
    96        0.10000000     0.143850E-007     0.202154E-007        9.5000
    97        0.10000000     0.859473E-008     0.190282E-007        9.6000
    98        0.10000000     0.461217E-008     0.182675E-007        9.7000
    99        0.10000000     0.282294E-008     0.180149E-007        9.8000
   100        0.10000000     0.424810E-008     0.182688E-007        9.9000
   101        0.10000000     0.958303E-008     0.189526E-007       10.0000
   102        0.10000000     0.177646E-007     0.199287E-007       10.1000
   103        0.10000000     0.257760E-007     0.210155E-007       10.2000
   104        0.10000000     0.301757E-007     0.220132E-007       10.3000
   105        0.10000000     0.291639E-007     0.227384E-007       10.4000
   106        0.10000000     0.235167E-007     0.230641E-007       10.5000
   107        0.10000000     0.158013E-007     0.229444E-007       10.6000
   108        0.10000000     0.871360E-008     0.224177E-007       10.7000
   109        0.10000000     0.380833E-008     0.215820E-007       10.8000
   110        0.10000000     0.123869E-008     0.205606E-007       10.9000
   111        0.10000000     0.276036E-009     0.194636E-007       11.0000
   112        0.10000000     0.400867E-010     0.183736E-007       11.1000
   113        0.10000000     0.371715E-012     0.173391E-007       11.2000
   114        0.10000000     0.880311E-010     0.163844E-007       11.3000
   115        0.10000000     0.465646E-009     0.155214E-007       11.4000
   116        0.10000000     0.113815E-008     0.147597E-007       11.5000
   117        0.10000000     0.170467E-008     0.141132E-007       11.6000
   118        0.10000000     0.159343E-008     0.136032E-007       11.7000
   119        0.10000000     0.922112E-009     0.132596E-007       11.8000
   120        0.10000000     0.158948E-008     0.131257E-007       11.9000
   121        0.10000000     0.760103E-008     0.132623E-007       12.0000
   122        0.10000000     0.235894E-007     0.137481E-007       12.1000
   123        0.10000000     0.515431E-007     0.146667E-007       12.2000
   124        0.10000000     0.875296E-007     0.160713E-007       12.3000
   125        0.10000000     0.121305E-006     0.179294E-007       12.4000
   126        0.10000000     0.140430E-006     0.200696E-007       12.5000
   127        0.10000000     0.137171E-006     0.221707E-007       12.6000
   128        0.10000000     0.113280E-006     0.238304E-007       12.7000
   129        0.10000000     0.788552E-007     0.247040E-007       12.8000
   130        0.10000000     0.459944E-007     0.246464E-007       12.9000
   131        0.10000000     0.224217E-007     0.237706E-007       13.0000
   132        0.10000000     0.935211E-008     0.223891E-007       13.1000
   133        0.10000000     0.375349E-008     0.208832E-007       13.2000
   134        0.10000000     0.186461E-008     0.195803E-007       13.3000
   135        0.10000000     0.127811E-008     0.186887E-007       13.4000
   136        0.10000000     0.106446E-008     0.182910E-007       13.5000
   137        0.10000000     0.974759E-009     0.183697E-007       13.6000
   138        0.10000000     0.831170E-009     0.188406E-007       13.7000
   139        0.10000000     0.536722E-009     0.195807E-007       13.8000
   140        0.10000000     0.522818E-009     0.204514E-007       13.9000
   141        0.10000000     0.217336E-008     0.213196E-007       14.0000
   142        0.10000000     0.776235E-008     0.220762E-007       14.1000
   143        0.10000000     0.196115E-007     0.226542E-007       14.2000
   144        0.10000000     0.385391E-007     0.230408E-007       14.3000
   145        0.10000000     0.622196E-007     0.232811E-007       14.4000
   146        0.10000000     0.845761E-007     0.234690E-007       14.5000
   147        0.10000000     0.973404E-007     0.237239E-007       14.6000
   148        0.10000000     0.938841E-007     0.241569E-007       14.7000
   149        0.10000000     0.736167E-007     0.248347E-007       14.8000
   150        0.10000000     0.438570E-007     0.257504E-007       14.9000
   151        0.10000000     0.168354E-007     0.268145E-007       15.0000
   152        0.10000000     0.285539E-008     0.278674E-007       15.1000
   153        0.10000000     0.418723E-008     0.287177E-007       15.2000
   154        0.10000000     0.145145E-007     0.291944E-007       15.3000
   155        0.10000000     0.243323E-007     0.291983E-007       15.4000
   156        0.10000000     0.276132E-007     0.287317E-007       15.5000
   157        0.10000000     0.243718E-007     0.278960E-007       15.6000
   158        0.10000000     0.181605E-007     0.268654E-007       15.7000
   159        0.10000000     0.120910E-007     0.258426E-007       15.8000
   160        0.10000000     0.723635E-008     0.250187E-007       15.9000
   161        0.10000000     0.394193E-008     0.245419E-007       16.0000
   162        0.10000000     0.358338E-008     0.244954E-007       16.1000
   163        0.10000000     0.835053E-008     0.248905E-007       16.2000
   164        0.10000000     0.190504E-007     0.256606E-007       16.3000
   165        0.10000000     0.331863E-007     0.266665E-007       16.4000
   166        0.10000000     0.454774E-007     0.277146E-007       16.5000
   167        0.10000000     0.507732E-007     0.285716E-007       16.6000
   168        0.10000000     0.470872E-007     0.290472E-007       16.7000
   169        0.10000000     0.364627E-007     0.290139E-007       16.8000
   170        0.10000000     0.233306E-007     0.284567E-007       16.9000
   171        0.10000000     0.119207E-007     0.274665E-007       17.0000
   172        0.10000000     0.448883E-008     0.262012E-007       17.1000
   173        0.10000000     0.106838E-008     0.248317E-007       17.2000
   174        0.10000000     0.309108E-009     0.234975E-007       17.3000
   175        0.10000000     0.591653E-009     0.222862E-007       17.4000
   176        0.10000000     0.819232E-009     0.212361E-007       17.5000
   177        0.10000000     0.679811E-009     0.203551E-007       17.6000
   178        0.10000000     0.427113E-009     0.196419E-007       17.7000
   179        0.10000000     0.391719E-009     0.191018E-007       17.8000
   180        0.10000000     0.574368E-009     0.187533E-007       17.9000
   181        0.10000000     0.743616E-009     0.186265E-007       18.0000
   182        0.10000000     0.124232E-008     0.187584E-007       18.1000
   183        0.10000000     0.408190E-008     0.191904E-007       18.2000
   184        0.10000000     0.131860E-007     0.199688E-007       18.3000
   185        0.10000000     0.326559E-007     0.211432E-007       18.4000
   186        0.10000000     0.632876E-007     0.227513E-007       18.5000
   187        0.10000000     0.995495E-007     0.247863E-007       18.6000
   188        0.10000000     0.130175E-006     0.271490E-007       18.7000
   189        0.10000000     0.143307E-006     0.296144E-007       18.8000
   190        0.10000000     0.133459E-006     0.318443E-007       18.9000
   191        0.10000000     0.105004E-006     0.334675E-007       19.0000
   192        0.10000000     0.694099E-007     0.342041E-007       19.1000
   193        0.10000000     0.382904E-007     0.339752E-007       19.2000
   194        0.10000000     0.177751E-007     0.329336E-007       19.3000
   195        0.10000000     0.754790E-008     0.314046E-007       19.4000
   196        0.10000000     0.380496E-008     0.297713E-007       19.5000
   197        0.10000000     0.277283E-008     0.283676E-007       19.6000
   198        0.10000000     0.240306E-008     0.274165E-007       19.7000
   199        0.10000000     0.212302E-008     0.270182E-007       19.8000
   200        0.10000000     0.186986E-008     0.271704E-007       19.9000
   201        0.10000000     0.151376E-008     0.278009E-007       20.0000
   202        0.10000000     0.999176E-009     0.287979E-007       20.1000
   203        0.10000000     0.892186E-009     0.300342E-007       20.2000
   204        0.10000000     0.280482E-008     0.313829E-007       20.3000
   205        0.10000000     0.919779E-008     0.327263E-007       20.4000
   206        0.10000000     0.223251E-007     0.339652E-007       20.5000
   207        0.10000000     0.424826E-007     0.350298E-007       20.6000
   208        0.10000000     0.663829E-007     0.358928E-007       20.7000
   209        0.10000000     0.869523E-007     0.365767E-007       20.8000
   210        0.10000000     0.956699E-007     0.371480E-007       20.9000
   211        0.10000000     0.870824E-007     0.376941E-007       21.0000
   212        0.10000000     0.630277E-007     0.382908E-007       21.1000
   213        0.10000000     0.331070E-007     0.389740E-007       21.2000
   214        0.10000000     0.987849E-008     0.397239E-007       21.3000
   215        0.10000000     0.141012E-008     0.404656E-007       21.4000
   216        0.10000000     0.665947E-008     0.410853E-007       21.5000
   217        0.10000000     0.173407E-007     0.414607E-007       21.6000
   218        0.10000000     0.245436E-007     0.414981E-007       21.7000
   219        0.10000000     0.244796E-007     0.411668E-007       21.8000
   220        0.10000000     0.191317E-007     0.405161E-007       21.9000
   221        0.10000000     0.126341E-007     0.396709E-007       22.0000
   222        0.10000000     0.755831E-008     0.388078E-007       22.1000
   223        0.10000000     0.433526E-008     0.381206E-007       22.2000
   224        0.10000000     0.324598E-008     0.377825E-007       22.3000
   225        0.10000000     0.604966E-008     0.379131E-007       22.4000
   226        0.10000000     0.150415E-007     0.385494E-007       22.5000
   227        0.10000000     0.302842E-007     0.396248E-007       22.6000
   228        0.10000000     0.478865E-007     0.409591E-007       22.7000
   229        0.10000000     0.613311E-007     0.422735E-007       22.8000
   230        0.10000000     0.651537E-007     0.432438E-007       22.9000
   231        0.10000000     0.580652E-007     0.435864E-007       23.0000
   232        0.10000000     0.433527E-007     0.431489E-007       23.1000
   233        0.10000000     0.266233E-007     0.419617E-007       23.2000
   234        0.10000000     0.128380E-007     0.402245E-007       23.3000
   235        0.10000000     0.445381E-008     0.382314E-007       23.4000
   236        0.10000000     0.126424E-008     0.362740E-007       23.5000
   237        0.10000000     0.140753E-008     0.345619E-007       23.6000
   238        0.10000000     0.266704E-008     0.331919E-007       23.7000
   239        0.10000000     0.346257E-008     0.321638E-007       23.8000
   240        0.10000000     0.326798E-008     0.314263E-007       23.9000
   241        0.10000000     0.245174E-008     0.309285E-007       24.0000
   242        0.10000000     0.169461E-008     0.306560E-007       24.1000
   243        0.10000000     0.138925E-008     0.306416E-007       24.2000
   244        0.10000000     0.156980E-008     0.309556E-007       24.3000
   245        0.10000000     0.270339E-008     0.316830E-007       24.4000
   246        0.10000000     0.687950E-008     0.329034E-007       24.5000
   247        0.10000000     0.180386E-007     0.346770E-007       24.6000
   248        0.10000000     0.399386E-007     0.370360E-007       24.7000
   249        0.10000000     0.723336E-007     0.399669E-007       24.8000
   250        0.10000000     0.108151E-006     0.433783E-007       24.9000
   251        0.10000000     0.135098E-006     0.470595E-007       25.0000
   252        0.10000000     0.141975E-006     0.506636E-007       25.1000
   253        0.10000000     0.125672E-006     0.537470E-007       25.2000
   254        0.10000000     0.933092E-007     0.558790E-007       25.3000
   255        0.10000000     0.576423E-007     0.567819E-007       25.4000
   256        0.10000000     0.295590E-007     0.564341E-007       25.5000
   257        0.10000000     0.132263E-007     0.550804E-007       25.6000
   258        0.10000000     0.655508E-008     0.531459E-007       25.7000
   259        0.10000000     0.496515E-008     0.511038E-007       25.8000
   260        0.10000000     0.484377E-008     0.493562E-007       25.9000
   261        0.10000000     0.467871E-008     0.481684E-007       26.0000
   262        0.10000000     0.429906E-008     0.476611E-007       26.1000
   263        0.10000000     0.375996E-008     0.478426E-007       26.2000
   264        0.10000000     0.291668E-008     0.486585E-007       26.3000
   265        0.10000000     0.181524E-008     0.500338E-007       26.4000
   266        0.10000000     0.135394E-008     0.518923E-007       26.5000
   267        0.10000000     0.359575E-008     0.541467E-007       26.6000
   268        0.10000000     0.112638E-007     0.566711E-007       26.7000
   269        0.10000000     0.263355E-007     0.592795E-007       26.8000
   270        0.10000000     0.481254E-007     0.617350E-007       26.9000
   271        0.10000000     0.719176E-007     0.637983E-007       27.0000
   272        0.10000000     0.895589E-007     0.652963E-007       27.1000
   273        0.10000000     0.928135E-007     0.661777E-007       27.2000
   274        0.10000000     0.783366E-007     0.665270E-007       27.3000
   275        0.10000000     0.510167E-007     0.665325E-007       27.4000
   276        0.10000000     0.224114E-007     0.664233E-007       27.5000
   277        0.10000000     0.426859E-008     0.663966E-007       27.6000
   278        0.10000000     0.141119E-008     0.665568E-007       27.7000
   279        0.10000000     0.946121E-008     0.668853E-007       27.8000
   280        0.10000000     0.190492E-007     0.672565E-007       27.9000
   281        0.10000000     0.227875E-007     0.674949E-007       28.0000
   282        0.10000000     0.193872E-007     0.674514E-007       28.1000
   283        0.10000000     0.124490E-007     0.670656E-007       28.2000
   284        0.10000000     0.627127E-008     0.663969E-007       28.3000
   285        0.10000000     0.282520E-008     0.656184E-007       28.4000
   286        0.10000000     0.207333E-008     0.649809E-007       28.5000
   287        0.10000000     0.422338E-008     0.647570E-007       28.6000
   288        0.10000000     0.109387E-007     0.651731E-007       28.7000
   289        0.10000000     0.239099E-007     0.663363E-007       28.8000
   290        0.10000000     0.421301E-007     0.681685E-007       28.9000
   291        0.10000000     0.607499E-007     0.703724E-007       29.0000
   292        0.10000000     0.730456E-007     0.724596E-007       29.1000
   293        0.10000000     0.741724E-007     0.738616E-007       29.2000
   294        0.10000000     0.638796E-007     0.741048E-007       29.3000
   295        0.10000000     0.463487E-007     0.729827E-007       29.4000
   296        0.10000000     0.277084E-007     0.706462E-007       29.5000
   297        0.10000000     0.130962E-007     0.675613E-007       29.6000
   298        0.10000000     0.494173E-008     0.643481E-007       29.7000
   299        0.10000000     0.283672E-008     0.615744E-007       29.8000
   300        0.10000000     0.452765E-008     0.595911E-007       29.9000
   301        0.10000000     0.724222E-008     0.584734E-007       30.0000
   302        0.10000000     0.885784E-008     0.580723E-007       30.1000
   303        0.10000000     0.857057E-008     0.581394E-007       30.2000
   304        0.10000000     0.689307E-008     0.584607E-007       30.3000
   305        0.10000000     0.498508E-008     0.589484E-007       30.4000
   306        0.10000000     0.374552E-008     0.596656E-007       30.5000
   307        0.10000000     0.344524E-008     0.607909E-007       30.6000
   308        0.10000000     0.447220E-008     0.625501E-007       30.7000
   309        0.10000000     0.871273E-008     0.651447E-007       30.8000
   310        0.10000000     0.198987E-007     0.686995E-007       30.9000
   311        0.10000000     0.413756E-007     0.732315E-007       31.0000
   312        0.10000000     0.719744E-007     0.786284E-007       31.1000
   313        0.10000000     0.103541E-006     0.846267E-007       31.2000
   314        0.10000000     0.123596E-006     0.907959E-007       31.3000
   315        0.10000000     0.122676E-006     0.965603E-007       31.4000
   316        0.10000000     0.100819E-006     0.101291E-006       31.5000
   317        0.10000000     0.677729E-007     0.104464E-006       31.6000
   318        0.10000000     0.366047E-007     0.105821E-006       31.7000
   319        0.10000000     0.160907E-007     0.105456E-006       31.8000
   320        0.10000000     0.739900E-008     0.103780E-006       31.9000
   321        0.10000000     0.631715E-008     0.101380E-006       32.0000
   322        0.10000000     0.774753E-008     0.988473E-007       32.1000
   323        0.10000000     0.873378E-008     0.966413E-007       32.2000
   324        0.10000000     0.868836E-008     0.950337E-007       32.3000
   325        0.10000000     0.800566E-008     0.941318E-007       32.4000
   326        0.10000000     0.687999E-008     0.939602E-007       32.5000
   327        0.10000000     0.520409E-008     0.945559E-007       32.6000
   328        0.10000000     0.326316E-008     0.960250E-007       32.7000
   329        0.10000000     0.240215E-008     0.985203E-007       32.8000
   330        0.10000000     0.500402E-008     0.102133E-006       32.9000
   331        0.10000000     0.135507E-007     0.106747E-006       33.0000
   332        0.10000000     0.289903E-007     0.111929E-006       33.1000
   333        0.10000000     0.491366E-007     0.116959E-006       33.2000
   334        0.10000000     0.681970E-007     0.120999E-006       33.3000
   335        0.10000000     0.785033E-007     0.123363E-006       33.4000
   336        0.10000000     0.743697E-007     0.123766E-006       33.5000
   337        0.10000000     0.561054E-007     0.122422E-006       33.6000
   338        0.10000000     0.310453E-007     0.119966E-006       33.7000
   339        0.10000000     0.990297E-008     0.117230E-006       33.8000
   340        0.10000000     0.416661E-009     0.114960E-006       33.9000
   341        0.10000000     0.290823E-008     0.113602E-006       34.0000
   342        0.10000000     0.111156E-007     0.113213E-006       34.1000
   343        0.10000000     0.173061E-007     0.113525E-006       34.2000
   344        0.10000000     0.173778E-007     0.114107E-006       34.3000
   345        0.10000000     0.123183E-007     0.114544E-006       34.4000
   346        0.10000000     0.591055E-008     0.114578E-006       34.5000
   347        0.10000000     0.144336E-008     0.114172E-006       34.6000
   348        0.10000000     0.158711E-009     0.113515E-006       34.7000
   349        0.10000000     0.202251E-008     0.112977E-006       34.8000
   350        0.10000000     0.728409E-008     0.113013E-006       34.9000
   351        0.10000000     0.168868E-007     0.114029E-006       35.0000
   352        0.10000000     0.311573E-007     0.116235E-006       35.1000
   353        0.10000000     0.481054E-007     0.119504E-006       35.2000
   354        0.10000000     0.631844E-007     0.123317E-006       35.3000
   355        0.10000000     0.712291E-007     0.126832E-006       35.4000
   356        0.10000000     0.692001E-007     0.129106E-006       35.5000
   357        0.10000000     0.578321E-007     0.129415E-006       35.6000
   358        0.10000000     0.411161E-007     0.127549E-006       35.7000
   359        0.10000000     0.242972E-007     0.123938E-006       35.8000
   360        0.10000000     0.116795E-007     0.119545E-006       35.9000
   361        0.10000000     0.534504E-008     0.115543E-006       36.0000
   362        0.10000000     0.493720E-008     0.112909E-006       36.1000
   363        0.10000000     0.827299E-008     0.112121E-006       36.2000
   364        0.10000000     0.124022E-007     0.113057E-006       36.3000
   365        0.10000000     0.148337E-007     0.115148E-006       36.4000
   366        0.10000000     0.145322E-007     0.117666E-006       36.5000
   367        0.10000000     0.121766E-007     0.120027E-006       36.6000
   368        0.10000000     0.940220E-008     0.121987E-006       36.7000
   369        0.10000000     0.746537E-008     0.123674E-006       36.8000
   370        0.10000000     0.645224E-008     0.125490E-006       36.9000
   371        0.10000000     0.598335E-008     0.127948E-006       37.0000
   372        0.10000000     0.695842E-008     0.131494E-006       37.1000
   373        0.10000000     0.123422E-007     0.136389E-006       37.2000
   374        0.10000000     0.251178E-007     0.142635E-006       37.3000
   375        0.10000000     0.442764E-007     0.149969E-006       37.4000
   376        0.10000000     0.627931E-007     0.157881E-006       37.5000
   377        0.10000000     0.709015E-007     0.165679E-006       37.6000
   378        0.10000000     0.631333E-007     0.172586E-006       37.7000
   379        0.10000000     0.429566E-007     0.177889E-006       37.8000
   380        0.10000000     0.206728E-007     0.181119E-006       37.9000
   381        0.10000000     0.625827E-008     0.182179E-006       38.0000
   382        0.10000000     0.333753E-008     0.181355E-006       38.1000
   383        0.10000000     0.859003E-008     0.179204E-006       38.2000
   384        0.10000000     0.157967E-007     0.176355E-006       38.3000
   385        0.10000000     0.203930E-007     0.173338E-006       38.4000
   386        0.10000000     0.212833E-007     0.170479E-006       38.5000
   387        0.10000000     0.197145E-007     0.167911E-006       38.6000
   388        0.10000000     0.172305E-007     0.165671E-006       38.7000
   389        0.10000000     0.145392E-007     0.163839E-006       38.8000
   390        0.10000000     0.117879E-007     0.162657E-006       38.9000
   391        0.10000000     0.938883E-008     0.162538E-006       39.0000
   392        0.10000000     0.846569E-008     0.163932E-006       39.1000
   393        0.10000000     0.104357E-007     0.167075E-006       39.2000
   394        0.10000000     0.160397E-007     0.171729E-006       39.3000
   395        0.10000000     0.244129E-007     0.177062E-006       39.4000
   396        0.10000000     0.328831E-007     0.181801E-006       39.5000
   397        0.10000000     0.378351E-007     0.184623E-006       39.6000
   398        0.10000000     0.364847E-007     0.184641E-006       39.7000
   399        0.10000000     0.286417E-007     0.181750E-006       39.8000
   400        0.10000000     0.172118E-007     0.176650E-006       39.9000
   401        0.10000000     0.676816E-008     0.170562E-006       40.0000
   402        0.10000000     0.945715E-009     0.164760E-006       40.1000
   403        0.10000000     0.473301E-009     0.160160E-006       40.2000
   404        0.10000000     0.323968E-008     0.157120E-006       40.3000
   405        0.10000000     0.614145E-008     0.155489E-006       40.4000
   406        0.10000000     0.711979E-008     0.154825E-006       40.5000
   407        0.10000000     0.597132E-008     0.154644E-006       40.6000
   408        0.10000000     0.378242E-008     0.154595E-006       40.7000
   409        0.10000000     0.189502E-008     0.154525E-006       40.8000
   410        0.10000000     0.127261E-008     0.154469E-006       40.9000
   411        0.10000000     0.247184E-008     0.154599E-006       41.0000
   412        0.10000000     0.586563E-008     0.155169E-006       41.1000
   413        0.10000000     0.117006E-007     0.156451E-006       41.2000
   414        0.10000000     0.198397E-007     0.158660E-006       41.3000
   415        0.10000000     0.293428E-007     0.161855E-006       41.4000
   416        0.10000000     0.383312E-007     0.165846E-006       41.5000
   417        0.10000000     0.444030E-007     0.170153E-006       41.6000
   418        0.10000000     0.455779E-007     0.174073E-006       41.7000
   419        0.10000000     0.411830E-007     0.176873E-006       41.8000
   420        0.10000000     0.322299E-007     0.178052E-006       41.9000
   421        0.10000000     0.210634E-007     0.177579E-006       42.0000
   422        0.10000000     0.105836E-007     0.175966E-006       42.1000
   423        0.10000000     0.337315E-008     0.174129E-006       42.2000
   424        0.10000000     0.969698E-009     0.173047E-006       42.3000
   425        0.10000000     0.341417E-008     0.173393E-006       42.4000
   426        0.10000000     0.920789E-008     0.175271E-006       42.5000
   427        0.10000000     0.158816E-007     0.178217E-006       42.6000
   428        0.10000000     0.211443E-007     0.181412E-006       42.7000
   429        0.10000000     0.240756E-007     0.184020E-006       42.8000
   430        0.10000000     0.255154E-007     0.185475E-006       42.9000
   431        0.10000000     0.270825E-007     0.185617E-006       43.0000
   432        0.10000000     0.294385E-007     0.184676E-006       43.1000
   433        0.10000000     0.312436E-007     0.183139E-006       43.2000
   434        0.10000000     0.301082E-007     0.181581E-006       43.3000
   435        0.10000000     0.249919E-007     0.180504E-006       43.4000
   436        0.10000000     0.178096E-007     0.180223E-006       43.5000
   437        0.10000000     0.121557E-007     0.180818E-006       43.6000
   438        0.10000000     0.993827E-008     0.182134E-006       43.7000
   439        0.10000000     0.941132E-008     0.183834E-006       43.8000
   440        0.10000000     0.724911E-008     0.185458E-006       43.9000
   441        0.10000000     0.284690E-008     0.186505E-006       44.0000
   442        0.10000000     0.135498E-009     0.186533E-006       44.1000
   443        0.10000000     0.461488E-008     0.185269E-006       44.2000
   444        0.10000000     0.183719E-007     0.182683E-006       44.3000
   445        0.10000000     0.378139E-007     0.178977E-006       44.4000
   446        0.10000000     0.559543E-007     0.174500E-006       44.5000
   447        0.10000000     0.669598E-007     0.169619E-006       44.6000
   448        0.10000000     0.691717E-007     0.164639E-006       44.7000
   449        0.10000000     0.648629E-007     0.159780E-006       44.8000
   450        0.10000000     0.577432E-007     0.155208E-006       44.9000
   451        0.10000000     0.506146E-007     0.151068E-006       45.0000
   452        0.10000000     0.445474E-007     0.147488E-006       45.1000
   453        0.10000000     0.395031E-007     0.144551E-006       45.2000
   454        0.10000000     0.351824E-007     0.142243E-006       45.3000
   455        0.10000000     0.313765E-007     0.140409E-006       45.4000
   456        0.10000000     0.277671E-007     0.138751E-006       45.5000
   457        0.10000000     0.237898E-007     0.136894E-006       45.6000
   458        0.10000000     0.189199E-007     0.134512E-006       45.7000
   459        0.10000000     0.132137E-007     0.131469E-006       45.8000
   460        0.10000000     0.753640E-008     0.127911E-006       45.9000
   461        0.10000000     0.312009E-008     0.124232E-006       46.0000
   462        0.10000000     0.708729E-009     0.120924E-006       46.1000
   463        0.10000000     0.295035E-010     0.118357E-006       46.2000
   464        0.10000000     0.106552E-009     0.116613E-006       46.3000
   465        0.10000000     0.135155E-009     0.115455E-006       46.4000
   466        0.10000000     0.508446E-010     0.114448E-006       46.5000
   467        0.10000000     0.262798E-009     0.113185E-006       46.6000
   468        0.10000000     0.987996E-009     0.111493E-006       46.7000
   469        0.10000000     0.207035E-008     0.109520E-006       46.8000
   470        0.10000000     0.346304E-008     0.107682E-006       46.9000
   471        0.10000000     0.559389E-008     0.106502E-006       47.0000
   472        0.10000000     0.891501E-008     0.106420E-006       47.1000
   473        0.10000000     0.130924E-007     0.107630E-006       47.2000
   474        0.10000000     0.168994E-007     0.110004E-006       47.3000
   475        0.10000000     0.191681E-007     0.113122E-006       47.4000
   476        0.10000000     0.198210E-007     0.116406E-006       47.5000
   477        0.10000000     0.198637E-007     0.119319E-006       47.6000
   478        0.10000000     0.202868E-007     0.121548E-006       47.7000
   479        0.10000000     0.209824E-007     0.123093E-006       47.8000
   480        0.10000000     0.207475E-007     0.124226E-006       47.9000
   481        0.10000000     0.182943E-007     0.125355E-006       48.0000
   482        0.10000000     0.133859E-007     0.126828E-006       48.1000
   483        0.10000000     0.722113E-008     0.128792E-006       48.2000
   484        0.10000000     0.200226E-008     0.131124E-006       48.3000
   485        0.10000000     0.787481E-010     0.133477E-006       48.4000
   486        0.10000000     0.314241E-008     0.135399E-006       48.5000
   487        0.10000000     0.116448E-007     0.136467E-006       48.6000
   488        0.10000000     0.245225E-007     0.136400E-006       48.7000
   489        0.10000000     0.394021E-007     0.135129E-006       48.8000
   490        0.10000000     0.534134E-007     0.132778E-006       48.9000
   491        0.10000000     0.645200E-007     0.129604E-006       49.0000
   492        0.10000000     0.725794E-007     0.125882E-006       49.1000
   493        0.10000000     0.793071E-007     0.121816E-006       49.2000
   494        0.10000000     0.867441E-007     0.117503E-006       49.3000
   495        0.10000000     0.951535E-007     0.112966E-006       49.4000
   496        0.10000000     0.102028E-006     0.108224E-006       49.5000
   497        0.10000000     0.103335E-006     0.103354E-006       49.6000
   498        0.10000000     0.963491E-007     0.985000E-007       49.7000
   499        0.10000000     0.818204E-007     0.938471E-007       49.8000
   500        0.10000000     0.636646E-007     0.895649E-007       49.9000
   501        0.10000000     0.465757E-007     0.857600E-007       50.0000
   502        0.10000000     0.339304E-007     0.824393E-007       50.1000
   503        0.10000000     0.276349E-007     0.794952E-007       50.2000
   504        0.10000000     0.291427E-007     0.767230E-007       50.3000
   505        0.10000000     0.394291E-007     0.738766E-007       50.4000
   506        0.10000000     0.574910E-007     0.707501E-007       50.5000
   507        0.10000000     0.791325E-007     0.672471E-007       50.6000
   508        0.10000000     0.980256E-007     0.634038E-007       50.7000
   509        0.10000000     0.108713E-006     0.593594E-007       50.8000
   510        0.10000000     0.109371E-006     0.553051E-007       50.9000
   511        0.10000000     0.102220E-006     0.514411E-007       51.0000
   512        0.10000000     0.915680E-007     0.479509E-007       51.1000
   513        0.10000000     0.811524E-007     0.449776E-007       51.2000
   514        0.10000000     0.726328E-007     0.425891E-007       51.3000
   515        0.10000000     0.657572E-007     0.407408E-007       51.4000
   516        0.10000000     0.594224E-007     0.392623E-007       51.5000
   517        0.10000000     0.525328E-007     0.378953E-007       51.6000
   518        0.10000000     0.442783E-007     0.363796E-007       51.7000
   519        0.10000000     0.342851E-007     0.345518E-007       51.8000
   520        0.10000000     0.230171E-007     0.324105E-007       51.9000
   521        0.10000000     0.121412E-007     0.301215E-007       52.0000
   522        0.10000000     0.407625E-008     0.279678E-007       52.1000
   523        0.10000000     0.535856E-009     0.262678E-007       52.2000
   524        0.10000000     0.101560E-008     0.252786E-007       52.3000
   525        0.10000000     0.281284E-008     0.251058E-007       52.4000
   526        0.10000000     0.312573E-008     0.256470E-007       52.5000
   527        0.10000000     0.172809E-008     0.266079E-007       52.6000
   528        0.10000000     0.158633E-008     0.275984E-007       52.7000
   529        0.10000000     0.626688E-008     0.282785E-007       52.8000
   530        0.10000000     0.162433E-007     0.284826E-007       52.9000
   531        0.10000000     0.278563E-007     0.282654E-007       53.0000
   532        0.10000000     0.363726E-007     0.278596E-007       53.1000
   533        0.10000000     0.401695E-007     0.275882E-007       53.2000
   534        0.10000000     0.416277E-007     0.277715E-007       53.3000
   535        0.10000000     0.438078E-007     0.286423E-007       53.4000
   536        0.10000000     0.466223E-007     0.302662E-007       53.5000
   537        0.10000000     0.466793E-007     0.324868E-007       53.6000
   538        0.10000000     0.408925E-007     0.349380E-007       53.7000
   539        0.10000000     0.300457E-007     0.371463E-007       53.8000
   540        0.10000000     0.186221E-007     0.386999E-007       53.9000
   541        0.10000000     0.111728E-007     0.394128E-007       54.0000
   542        0.10000000     0.876757E-008     0.394035E-007       54.1000
   543        0.10000000     0.877236E-008     0.390468E-007       54.2000
   544        0.10000000     0.773836E-008     0.388177E-007       54.3000
   545        0.10000000     0.453035E-008     0.390888E-007       54.4000
   546        0.10000000     0.113423E-008     0.399654E-007       54.5000
   547        0.10000000     0.107753E-008     0.412248E-007       54.6000
   548        0.10000000     0.715079E-008     0.423944E-007       54.7000
   549        0.10000000     0.200160E-007     0.429385E-007       54.8000
   550        0.10000000     0.380851E-007     0.424726E-007       54.9000
   551        0.10000000     0.582226E-007     0.409059E-007       55.0000
   552        0.10000000     0.768126E-007     0.384507E-007       55.1000
   553        0.10000000     0.909591E-007     0.355067E-007       55.2000
   554        0.10000000     0.996231E-007     0.324893E-007       55.3000
   555        0.10000000     0.104189E-006     0.296876E-007       55.4000
   556        0.10000000     0.107814E-006     0.272065E-007       55.5000
   557        0.10000000     0.113594E-006     0.249969E-007       55.6000
   558        0.10000000     0.122400E-006     0.229358E-007       55.7000
   559        0.10000000     0.131979E-006     0.209101E-007       55.8000
   560        0.10000000     0.138047E-006     0.188696E-007       55.9000
   561        0.10000000     0.136867E-006     0.168361E-007       56.0000
   562        0.10000000     0.127483E-006     0.148780E-007       56.1000
   563        0.10000000     0.112247E-006     0.130724E-007       56.2000
   564        0.10000000     0.955481E-007     0.114716E-007       56.3000
   565        0.10000000     0.819832E-007     0.100849E-007       56.4000
   566        0.10000000     0.749256E-007     0.887898E-008       56.5000
   567        0.10000000     0.757033E-007     0.779456E-008       56.6000
   568        0.10000000     0.831363E-007     0.677192E-008       56.7000
   569        0.10000000     0.936446E-007     0.577472E-008       56.8000
   570        0.10000000     0.102368E-006     0.480107E-008       56.9000
   571        0.10000000     0.105205E-006     0.387774E-008       57.0000
   572        0.10000000     0.100721E-006     0.304289E-008       57.1000
   573        0.10000000     0.906280E-007     0.232783E-008       57.2000
   574        0.10000000     0.785107E-007     0.174616E-008       57.3000
   575        0.10000000     0.676563E-007     0.129237E-008       57.4000
   576        0.10000000     0.595199E-007     0.947128E-009       57.5000
   577        0.10000000     0.536553E-007     0.685077E-009       57.6000
   578        0.10000000     0.487883E-007     0.482399E-009       57.7000
   579        0.10000000     0.438035E-007     0.322945E-009       57.8000
   580        0.10000000     0.380183E-007     0.201093E-009       57.9000
   581        0.10000000     0.309285E-007     0.118825E-009       58.0000
   582        0.10000000     0.223391E-007     0.775574E-010       58.1000
   583        0.10000000     0.129850E-007     0.701989E-010       58.2000
   584        0.10000000     0.489017E-008     0.806356E-010       58.3000
   585        0.10000000     0.487010E-009     0.916820E-010       58.4000
   586        0.10000000     0.678980E-009     0.937471E-010       58.5000
   587        0.10000000     0.350224E-008     0.863416E-010       58.6000
   588        0.10000000     0.522004E-008     0.737853E-010       58.7000
   589        0.10000000     0.373151E-008     0.615938E-010       58.8000
   590        0.10000000     0.150591E-008     0.553225E-010       58.9000
   591        0.10000000     0.467969E-008     0.604927E-010       59.0000
   592        0.10000000     0.180530E-007     0.847843E-010       59.1000
   593        0.10000000     0.401290E-007     0.140905E-009       59.2000
   594        0.10000000     0.632621E-007     0.242823E-009       59.3000
   595        0.10000000     0.793641E-007     0.395655E-009       59.4000
   596        0.10000000     0.858647E-007     0.592214E-009       59.5000
   597        0.10000000     0.861273E-007     0.822488E-009       59.6000
   598        0.10000000     0.843930E-007     0.108353E-008       59.7000
   599        0.10000000     0.808336E-007     0.137619E-008       59.8000
   600        0.10000000     0.719157E-007     0.169212E-008       59.9000
   601        0.10000000     0.552982E-007     0.200475E-008       60.0000
   602        0.10000000     0.339241E-007     0.227322E-008       60.1000
   603        0.10000000     0.148638E-007     0.245901E-008       60.2000
   604        0.10000000     0.402223E-008     0.254666E-008       60.3000
   605        0.10000000     0.181586E-008     0.255505E-008       60.4000
   606        0.10000000     0.373444E-008     0.252920E-008       60.5000
   607        0.10000000     0.477143E-008     0.251745E-008       60.6000
   608        0.10000000     0.342184E-008     0.254752E-008       60.7000
   609        0.10000000     0.214716E-008     0.261104E-008       60.8000
   610        0.10000000     0.483469E-008     0.266225E-008       60.9000
   611        0.10000000     0.139109E-007     0.263538E-008       61.0000
   612        0.10000000     0.290924E-007     0.247761E-008       61.1000
   613        0.10000000     0.478510E-007     0.217934E-008       61.2000
   614        0.10000000     0.666711E-007     0.178146E-008       61.3000
   615        0.10000000     0.822322E-007     0.135430E-008       61.4000
   616        0.10000000     0.924321E-007     0.964428E-009       61.5000
   617        0.10000000     0.970997E-007     0.651187E-009       61.6000
   618        0.10000000     0.982782E-007     0.423752E-009       61.7000
   619        0.10000000     0.995101E-007     0.273138E-009       61.8000
   620        0.10000000     0.104187E-006     0.187511E-009       61.9000
   621        0.10000000     0.113616E-006     0.163235E-009       62.0000
   622        0.10000000     0.126116E-006     0.209410E-009       62.1000
   623        0.10000000     0.137759E-006     0.345243E-009       62.2000
   624        0.10000000     0.144448E-006     0.591288E-009       62.3000
   625        0.10000000     0.144000E-006     0.958959E-009       62.4000
   626        0.10000000     0.137087E-006     0.144450E-008       62.5000
   627        0.10000000     0.126718E-006     0.203108E-008       62.6000
   628        0.10000000     0.116694E-006     0.269741E-008       62.7000
   629        0.10000000     0.109875E-006     0.342724E-008       62.8000
   630        0.10000000     0.106942E-006     0.421338E-008       62.9000
   631        0.10000000     0.106192E-006     0.505353E-008       63.0000
   632        0.10000000     0.104479E-006     0.593971E-008       63.1000
   633        0.10000000     0.989594E-007     0.684626E-008       63.2000
   634        0.10000000     0.886340E-007     0.772446E-008       63.3000
   635        0.10000000     0.749056E-007     0.851123E-008       63.4000
   636        0.10000000     0.607108E-007     0.915707E-008       63.5000
   637        0.10000000     0.488502E-007     0.966571E-008       63.6000
   638        0.10000000     0.405298E-007     0.101222E-007       63.7000
   639        0.10000000     0.351346E-007     0.106802E-007       63.8000
   640        0.10000000     0.312038E-007     0.115004E-007       63.9000
   641        0.10000000     0.277087E-007     0.126605E-007       64.0000
   642        0.10000000     0.244383E-007     0.140840E-007       64.1000
   643        0.10000000     0.213910E-007     0.155265E-007       64.2000
   644        0.10000000     0.180716E-007     0.166440E-007       64.3000
   645        0.10000000     0.137112E-007     0.171294E-007       64.4000
   646        0.10000000     0.832683E-008     0.168647E-007       64.5000
   647        0.10000000     0.339439E-008     0.160071E-007       64.6000
   648        0.10000000     0.102538E-008     0.149489E-007       64.7000
   649        0.10000000     0.194771E-008     0.141535E-007       64.8000
   650        0.10000000     0.422119E-008     0.139542E-007       64.9000
   651        0.10000000     0.460614E-008     0.144236E-007       65.0000
   652        0.10000000     0.217584E-008     0.153652E-007       65.1000
   653        0.10000000     0.918086E-009     0.163987E-007       65.2000
   654        0.10000000     0.788590E-008     0.170895E-007       65.3000
   655        0.10000000     0.273612E-007     0.170942E-007       65.4000
   656        0.10000000     0.560676E-007     0.162891E-007       65.5000
   657        0.10000000     0.844819E-007     0.148177E-007       65.6000
   658        0.10000000     0.103584E-006     0.130172E-007       65.7000
   659        0.10000000     0.110858E-006     0.112625E-007       65.8000
   660        0.10000000     0.110001E-006     0.982054E-008       65.9000
   661        0.10000000     0.105323E-006     0.878420E-008       66.0000
   662        0.10000000     0.969842E-007     0.810097E-008       66.1000
   663        0.10000000     0.819373E-007     0.765692E-008       66.2000
   664        0.10000000     0.591576E-007     0.735166E-008       66.3000
   665        0.10000000     0.332325E-007     0.711950E-008       66.4000
   666        0.10000000     0.122031E-007     0.691102E-008       66.5000
   667        0.10000000     0.160237E-008     0.668521E-008       66.6000
   668        0.10000000     0.572227E-009     0.643243E-008       66.7000
   669        0.10000000     0.353491E-008     0.619478E-008       66.8000
   670        0.10000000     0.532864E-008     0.605087E-008       66.9000
   671        0.10000000     0.492846E-008     0.607309E-008       67.0000
   672        0.10000000     0.510829E-008     0.629212E-008       67.1000
   673        0.10000000     0.940486E-008     0.668990E-008       67.2000
   674        0.10000000     0.193930E-007     0.721719E-008       67.3000
   675        0.10000000     0.340079E-007     0.781746E-008       67.4000
   676        0.10000000     0.505041E-007     0.844476E-008       67.5000
   677        0.10000000     0.658179E-007     0.907606E-008       67.6000
   678        0.10000000     0.775224E-007     0.972392E-008       67.7000
   679        0.10000000     0.843908E-007     0.104452E-007       67.8000
   680        0.10000000     0.868193E-007     0.113323E-007       67.9000
   681        0.10000000     0.869370E-007     0.124815E-007       68.0000
   682        0.10000000     0.880914E-007     0.139532E-007       68.1000
   683        0.10000000     0.934557E-007     0.157527E-007       68.2000
   684        0.10000000     0.104402E-006     0.178427E-007       68.3000
   685        0.10000000     0.119563E-006     0.201740E-007       68.4000
   686        0.10000000     0.135351E-006     0.227082E-007       68.5000
   687        0.10000000     0.147607E-006     0.254205E-007       68.6000
   688        0.10000000     0.153519E-006     0.282876E-007       68.7000
   689        0.10000000     0.152654E-006     0.312779E-007       68.8000
   690        0.10000000     0.146748E-006     0.343502E-007       68.9000
   691        0.10000000     0.138419E-006     0.374574E-007       69.0000
   692        0.10000000     0.129630E-006     0.405465E-007       69.1000
   693        0.10000000     0.120710E-006     0.435498E-007       69.2000
   694        0.10000000     0.110543E-006     0.463732E-007       69.3000
   695        0.10000000     0.977306E-007     0.488833E-007       69.4000
   696        0.10000000     0.819457E-007     0.508992E-007       69.5000
   697        0.10000000     0.645457E-007     0.522043E-007       69.6000
   698        0.10000000     0.480757E-007     0.526125E-007       69.7000
   699        0.10000000     0.349836E-007     0.521051E-007       69.8000
   700        0.10000000     0.263159E-007     0.509878E-007       69.9000
   701        0.10000000     0.213053E-007     0.499408E-007       70.0000
   702        0.10000000     0.181435E-007     0.498451E-007       70.1000
   703        0.10000000     0.154275E-007     0.514055E-007       70.2000
   704        0.10000000     0.130365E-007     0.547511E-007       70.3000
   705        0.10000000     0.117009E-007     0.592460E-007       70.4000
   706        0.10000000     0.116986E-007     0.636440E-007       70.5000
   707        0.10000000     0.120471E-007     0.665487E-007       70.6000
   708        0.10000000     0.110897E-007     0.669988E-007       70.7000
   709        0.10000000     0.806883E-008     0.649270E-007       70.8000
   710        0.10000000     0.413469E-008     0.612755E-007       70.9000
   711        0.10000000     0.157199E-008     0.576731E-007       71.0000
   712        0.10000000     0.161040E-008     0.557755E-007       71.1000
   713        0.10000000     0.290845E-008     0.565599E-007       71.2000
   714        0.10000000     0.278431E-008     0.599090E-007       71.3000
   715        0.10000000     0.770766E-009     0.646606E-007       71.4000
   716        0.10000000     0.101499E-008     0.690588E-007       71.5000
   717        0.10000000     0.100901E-007     0.713998E-007       71.6000
   718        0.10000000     0.311491E-007     0.706467E-007       71.7000
   719        0.10000000     0.598482E-007     0.667936E-007       71.8000
   720        0.10000000     0.865503E-007     0.608236E-007       71.9000
   721        0.10000000     0.103229E-006     0.542816E-007       72.0000
   722        0.10000000     0.108626E-006     0.486846E-007       72.1000
   723        0.10000000     0.107069E-006     0.450421E-007       72.2000
   724        0.10000000     0.102591E-006     0.436470E-007       72.3000
   725        0.10000000     0.947205E-007     0.441492E-007       72.4000
   726        0.10000000     0.800644E-007     0.458092E-007       72.5000
   727        0.10000000     0.578457E-007     0.477850E-007       72.6000
   728        0.10000000     0.331084E-007     0.493418E-007       72.7000
   729        0.10000000     0.138534E-007     0.499838E-007       72.8000
   730        0.10000000     0.487355E-008     0.495615E-007       72.9000
   731        0.10000000     0.454059E-008     0.483337E-007       73.0000
   732        0.10000000     0.731767E-008     0.468917E-007       73.1000
   733        0.10000000     0.891866E-008     0.459199E-007       73.2000
   734        0.10000000     0.919531E-008     0.459081E-007       73.3000
   735        0.10000000     0.109693E-007     0.469721E-007       73.4000
   736        0.10000000     0.168768E-007     0.488590E-007       73.5000
   737        0.10000000     0.272354E-007     0.511012E-007       73.6000
   738        0.10000000     0.401125E-007     0.532272E-007       73.7000
   739        0.10000000     0.527436E-007     0.549486E-007       73.8000
   740        0.10000000     0.628452E-007     0.562741E-007       73.9000
   741        0.10000000     0.692074E-007     0.575209E-007       74.0000
   742        0.10000000     0.717298E-007     0.592086E-007       74.1000
   743        0.10000000     0.714633E-007     0.618553E-007       74.2000
   744        0.10000000     0.705368E-007     0.657593E-007       74.3000
   745        0.10000000     0.717514E-007     0.708800E-007       74.4000
   746        0.10000000     0.775270E-007     0.768869E-007       74.5000
   747        0.10000000     0.886772E-007     0.833384E-007       74.6000
   748        0.10000000     0.103731E-006     0.898712E-007       74.7000
   749        0.10000000     0.119360E-006     0.962931E-007       74.8000
   750        0.10000000     0.131754E-006     0.102557E-006       74.9000
   751        0.10000000     0.138145E-006     0.108675E-006       75.0000
   752        0.10000000     0.137712E-006     0.114631E-006       75.1000
   753        0.10000000     0.131421E-006     0.120354E-006       75.2000
   754        0.10000000     0.121072E-006     0.125712E-006       75.3000
   755        0.10000000     0.108152E-006     0.130537E-006       75.4000
   756        0.10000000     0.933485E-007     0.134651E-006       75.5000
   757        0.10000000     0.768758E-007     0.137877E-006       75.6000
   758        0.10000000     0.593218E-007     0.140026E-006       75.7000
   759        0.10000000     0.421242E-007     0.140840E-006       75.8000
   760        0.10000000     0.273294E-007     0.139975E-006       75.9000
   761        0.10000000     0.166571E-007     0.137147E-006       76.0000
   762        0.10000000     0.105879E-007     0.132484E-006       76.1000
   763        0.10000000     0.804092E-008     0.126885E-006       76.2000
   764        0.10000000     0.700561E-008     0.122064E-006       76.3000
   765        0.10000000     0.581034E-008     0.120029E-006       76.4000
   766        0.10000000     0.417023E-008     0.122158E-006       76.5000
   767        0.10000000     0.314518E-008     0.128394E-006       76.6000
   768        0.10000000     0.394147E-008     0.137047E-006       76.7000
   769        0.10000000     0.651207E-008     0.145375E-006       76.8000
   770        0.10000000     0.918395E-008     0.150679E-006       76.9000
   771        0.10000000     0.977886E-008     0.151423E-006       77.0000
   772        0.10000000     0.742121E-008     0.147924E-006       77.1000
   773        0.10000000     0.349534E-008     0.142332E-006       77.2000
   774        0.10000000     0.669338E-009     0.137821E-006       77.3000
   775        0.10000000     0.519220E-009     0.137259E-006       77.4000
   776        0.10000000     0.189965E-008     0.141878E-006       77.5000
   777        0.10000000     0.213757E-008     0.150602E-006       77.6000
   778        0.10000000     0.543297E-009     0.160409E-006       77.7000
   779        0.10000000     0.660381E-009     0.167539E-006       77.8000
   780        0.10000000     0.803429E-008     0.168991E-006       77.9000
   781        0.10000000     0.248718E-007     0.163668E-006       78.0000
   782        0.10000000     0.469526E-007     0.152710E-006       78.1000
   783        0.10000000     0.663572E-007     0.138975E-006       78.2000
   784        0.10000000     0.776170E-007     0.125968E-006       78.3000
   785        0.10000000     0.813482E-007     0.116704E-006       78.4000
   786        0.10000000     0.819997E-007     0.112907E-006       78.5000
   787        0.10000000     0.822357E-007     0.114709E-006       78.6000
   788        0.10000000     0.797515E-007     0.120827E-006       78.7000
   789        0.10000000     0.699685E-007     0.129112E-006       78.8000
   790        0.10000000     0.519130E-007     0.137245E-006       78.9000
   791        0.10000000     0.309247E-007     0.143354E-006       79.0000
   792        0.10000000     0.149469E-007     0.146434E-006       79.1000
   793        0.10000000     0.820704E-008     0.146517E-006       79.2000
   794        0.10000000     0.870388E-008     0.144555E-006       79.3000
   795        0.10000000     0.113502E-007     0.142020E-006       79.4000
   796        0.10000000     0.128407E-007     0.140331E-006       79.5000
   797        0.10000000     0.136027E-007     0.140377E-006       79.6000
   798        0.10000000     0.160143E-007     0.142305E-006       79.7000
   799        0.10000000     0.214468E-007     0.145632E-006       79.8000
   800        0.10000000     0.289078E-007     0.149569E-006       79.9000
   801        0.10000000     0.358686E-007     0.153414E-006       80.0000
   802        0.10000000     0.400426E-007     0.156870E-006       80.1000
   803        0.10000000     0.405645E-007     0.160162E-006       80.2000
   804        0.10000000     0.380437E-007     0.163917E-006       80.3000
   805        0.10000000     0.339389E-007     0.168834E-006       80.4000
   806        0.10000000     0.299089E-007     0.175288E-006       80.5000
   807        0.10000000     0.274698E-007     0.183092E-006       80.6000
   808        0.10000000     0.277977E-007     0.191552E-006       80.7000
   809        0.10000000     0.314898E-007     0.199790E-006       80.8000
   810        0.10000000     0.382606E-007     0.207128E-006       80.9000
   811        0.10000000     0.467961E-007     0.213290E-006       81.0000
   812        0.10000000     0.549816E-007     0.218343E-006       81.1000
   813        0.10000000     0.605773E-007     0.222473E-006       81.2000
   814        0.10000000     0.620375E-007     0.225762E-006       81.3000
   815        0.10000000     0.590697E-007     0.228101E-006       81.4000
   816        0.10000000     0.525343E-007     0.229226E-006       81.5000
   817        0.10000000     0.438520E-007     0.228857E-006       81.6000
   818        0.10000000     0.343003E-007     0.226845E-006       81.7000
   819        0.10000000     0.247561E-007     0.223302E-006       81.8000
   820        0.10000000     0.159278E-007     0.218632E-006       81.9000
   821        0.10000000     0.870220E-008     0.213411E-006       82.0000
   822        0.10000000     0.410108E-008     0.208130E-006       82.1000
   823        0.10000000     0.276248E-008     0.202973E-006       82.2000
   824        0.10000000     0.431530E-008     0.197844E-006       82.3000
   825        0.10000000     0.722229E-008     0.192705E-006       82.4000
   826        0.10000000     0.937629E-008     0.188008E-006       82.5000
   827        0.10000000     0.921855E-008     0.184817E-006       82.6000
   828        0.10000000     0.667804E-008     0.184402E-006       82.7000
   829        0.10000000     0.324770E-008     0.187507E-006       82.8000
   830        0.10000000     0.100178E-008     0.193747E-006       82.9000
   831        0.10000000     0.115269E-008     0.201587E-006       83.0000
   832        0.10000000     0.314486E-008     0.208916E-006       83.1000
   833        0.10000000     0.503704E-008     0.213926E-006       83.2000
   834        0.10000000     0.502460E-008     0.215887E-006       83.3000
   835        0.10000000     0.301985E-008     0.215485E-006       83.4000
   836        0.10000000     0.916857E-009     0.214582E-006       83.5000
   837        0.10000000     0.101614E-008     0.215429E-006       83.6000
   838        0.10000000     0.369353E-008     0.219574E-006       83.7000
   839        0.10000000     0.653764E-008     0.226936E-006       83.8000
   840        0.10000000     0.639046E-008     0.235578E-006       83.9000
   841        0.10000000     0.291958E-008     0.242380E-006       84.0000
   842        0.10000000     0.666185E-010     0.244321E-006       84.1000
   843        0.10000000     0.315540E-008     0.239732E-006       84.2000
   844        0.10000000     0.140197E-007     0.228986E-006       84.3000
   845        0.10000000     0.290948E-007     0.214392E-006       84.4000
   846        0.10000000     0.425614E-007     0.199423E-006       84.5000
   847        0.10000000     0.513331E-007     0.187618E-006       84.6000
   848        0.10000000     0.568617E-007     0.181525E-006       84.7000
   849        0.10000000     0.620445E-007     0.181993E-006       84.8000
   850        0.10000000     0.666049E-007     0.188040E-006       84.9000
   851        0.10000000     0.660444E-007     0.197347E-006       85.0000
   852        0.10000000     0.559274E-007     0.207210E-006       85.1000
   853        0.10000000     0.374106E-007     0.215499E-006       85.2000
   854        0.10000000     0.179089E-007     0.221189E-006       85.3000
   855        0.10000000     0.559500E-008     0.224312E-006       85.4000
   856        0.10000000     0.315138E-008     0.225522E-006       85.5000
   857        0.10000000     0.676342E-008     0.225628E-006       85.6000
   858        0.10000000     0.104724E-007     0.225311E-006       85.7000
   859        0.10000000     0.110269E-007     0.225056E-006       85.8000
   860        0.10000000     0.913891E-008     0.225190E-006       85.9000
   861        0.10000000     0.724344E-008     0.225914E-006       86.0000
   862        0.10000000     0.670909E-008     0.227322E-006       86.1000
   863        0.10000000     0.695234E-008     0.229403E-006       86.2000
   864        0.10000000     0.660245E-008     0.232065E-006       86.3000
   865        0.10000000     0.511332E-008     0.235121E-006       86.4000
   866        0.10000000     0.328160E-008     0.238257E-006       86.5000
   867        0.10000000     0.239200E-008     0.240988E-006       86.6000
   868        0.10000000     0.296415E-008     0.242687E-006       86.7000
   869        0.10000000     0.426503E-008     0.242735E-006       86.8000
   870        0.10000000     0.497433E-008     0.240766E-006       86.9000
   871        0.10000000     0.434520E-008     0.236872E-006       87.0000
   872        0.10000000     0.280678E-008     0.231624E-006       87.1000
   873        0.10000000     0.151223E-008     0.225843E-006       87.2000
   874        0.10000000     0.129809E-008     0.220262E-006       87.3000
   875        0.10000000     0.201646E-008     0.215231E-006       87.4000
   876        0.10000000     0.278284E-008     0.210625E-006       87.5000
   877        0.10000000     0.282677E-008     0.205956E-006       87.6000
   878        0.10000000     0.215618E-008     0.200589E-006       87.7000
   879        0.10000000     0.150749E-008     0.193961E-006       87.8000
   880        0.10000000     0.170429E-008     0.185750E-006       87.9000
   881        0.10000000     0.302480E-008     0.176002E-006       88.0000
   882        0.10000000     0.510423E-008     0.165234E-006       88.1000
   883        0.10000000     0.744096E-008     0.154456E-006       88.2000
   884        0.10000000     0.100796E-007     0.145045E-006       88.3000
   885        0.10000000     0.138506E-007     0.138402E-006       88.4000
   886        0.10000000     0.198466E-007     0.135498E-006       88.5000
   887        0.10000000     0.283487E-007     0.136483E-006       88.6000
   888        0.10000000     0.379519E-007     0.140585E-006       88.7000
   889        0.10000000     0.456437E-007     0.146384E-006       88.8000
   890        0.10000000     0.481146E-007     0.152334E-006       88.9000
   891        0.10000000     0.436439E-007     0.157273E-006       89.0000
   892        0.10000000     0.333596E-007     0.160693E-006       89.1000
   893        0.10000000     0.208214E-007     0.162706E-006       89.2000
   894        0.10000000     0.100638E-007     0.163805E-006       89.3000
   895        0.10000000     0.344252E-008     0.164596E-006       89.4000
   896        0.10000000     0.909882E-009     0.165615E-006       89.5000
   897        0.10000000     0.114535E-008     0.167247E-006       89.6000
   898        0.10000000     0.326559E-008     0.169710E-006       89.7000
   899        0.10000000     0.730559E-008     0.173027E-006       89.8000
   900        0.10000000     0.129840E-007     0.176975E-006       89.9000
   901        0.10000000     0.182482E-007     0.181045E-006       90.0000
   902        0.10000000     0.197117E-007     0.184473E-006       90.1000
   903        0.10000000     0.153539E-007     0.186424E-006       90.2000
   904        0.10000000     0.717987E-008     0.186238E-006       90.3000
   905        0.10000000     0.776476E-009     0.183656E-006       90.4000
   906        0.10000000     0.137574E-008     0.178916E-006       90.5000
   907        0.10000000     0.979935E-008     0.172729E-006       90.6000
   908        0.10000000     0.222167E-007     0.166182E-006       90.7000
   909        0.10000000     0.339134E-007     0.160524E-006       90.8000
   910        0.10000000     0.431639E-007     0.156835E-006       90.9000
   911        0.10000000     0.512994E-007     0.155605E-006       91.0000
   912        0.10000000     0.591128E-007     0.156465E-006       91.1000
   913        0.10000000     0.637639E-007     0.158303E-006       91.2000
   914        0.10000000     0.601049E-007     0.159815E-006       91.3000
   915        0.10000000     0.458368E-007     0.160200E-006       91.4000
   916        0.10000000     0.253600E-007     0.159538E-006       91.5000
   917        0.10000000     0.774340E-008     0.158601E-006       91.6000
   918        0.10000000     0.160785E-009     0.158249E-006       91.7000
   919        0.10000000     0.286027E-008     0.158842E-006       91.8000
   920        0.10000000     0.100242E-007     0.160066E-006       91.9000
   921        0.10000000     0.149588E-007     0.161223E-006       92.0000
   922        0.10000000     0.146365E-007     0.161723E-006       92.1000
   923        0.10000000     0.103785E-007     0.161398E-006       92.2000
   924        0.10000000     0.546649E-008     0.160493E-006       92.3000
   925        0.10000000     0.257823E-008     0.159405E-006       92.4000
   926        0.10000000     0.301134E-008     0.158400E-006       92.5000
   927        0.10000000     0.735800E-008     0.157428E-006       92.6000
   928        0.10000000     0.160092E-007     0.156090E-006       92.7000
   929        0.10000000     0.284894E-007     0.153755E-006       92.8000
   930        0.10000000     0.423024E-007     0.149788E-006       92.9000
   931        0.10000000     0.529578E-007     0.143824E-006       93.0000
   932        0.10000000     0.559751E-007     0.135988E-006       93.1000
   933        0.10000000     0.497137E-007     0.126948E-006       93.2000
   934        0.10000000     0.367046E-007     0.117736E-006       93.3000
   935        0.10000000     0.222217E-007     0.109408E-006       93.4000
   936        0.10000000     0.111049E-007     0.102692E-006       93.5000
   937        0.10000000     0.528650E-008     0.977916E-007       93.6000
   938        0.10000000     0.362333E-008     0.943989E-007       93.7000
   939        0.10000000     0.368686E-008     0.918933E-007       93.8000
   940        0.10000000     0.380586E-008     0.895843E-007       93.9000
   941        0.10000000     0.392559E-008     0.868947E-007       94.0000
   942        0.10000000     0.500030E-008     0.834347E-007       94.1000
   943        0.10000000     0.769191E-008     0.790057E-007       94.2000
   944        0.10000000     0.114345E-007     0.736092E-007       94.3000
   945        0.10000000     0.145668E-007     0.675076E-007       94.4000
   946        0.10000000     0.155663E-007     0.613119E-007       94.5000
   947        0.10000000     0.146619E-007     0.559943E-007       94.6000
   948        0.10000000     0.146806E-007     0.527213E-007       94.7000
   949        0.10000000     0.200814E-007     0.524744E-007       94.8000
   950        0.10000000     0.341757E-007     0.555800E-007       94.9000
   951        0.10000000     0.559566E-007     0.613987E-007       95.0000
   952        0.10000000     0.789403E-007     0.684192E-007       95.1000
   953        0.10000000     0.936039E-007     0.748000E-007       95.2000
   954        0.10000000     0.926020E-007     0.791015E-007       95.3000
   955        0.10000000     0.754015E-007     0.808083E-007       95.4000
   956        0.10000000     0.488842E-007     0.803740E-007       95.5000
   957        0.10000000     0.232487E-007     0.788399E-007       95.6000
   958        0.10000000     0.628004E-008     0.773084E-007       95.7000
   959        0.10000000     0.127846E-009     0.765486E-007       95.8000
   960        0.10000000     0.227094E-008     0.768526E-007       95.9000
   961        0.10000000     0.871998E-008     0.780941E-007       96.0000
   962        0.10000000     0.162712E-007     0.798836E-007       96.1000
   963        0.10000000     0.225594E-007     0.817335E-007       96.2000
   964        0.10000000     0.253107E-007     0.832030E-007       96.3000
   965        0.10000000     0.227490E-007     0.840091E-007       96.4000
   966        0.10000000     0.152426E-007     0.840840E-007       96.5000
   967        0.10000000     0.622780E-008     0.835535E-007       96.6000
   968        0.10000000     0.645343E-009     0.826398E-007       96.7000
   969        0.10000000     0.162566E-008     0.815445E-007       96.8000
   970        0.10000000     0.837863E-008     0.803864E-007       96.9000
   971        0.10000000     0.174309E-007     0.792294E-007       97.0000
   972        0.10000000     0.260057E-007     0.781407E-007       97.1000
   973        0.10000000     0.340407E-007     0.771847E-007       97.2000
   974        0.10000000     0.427274E-007     0.763311E-007       97.3000
   975        0.10000000     0.512604E-007     0.753836E-007       97.4000
   976        0.10000000     0.555725E-007     0.740515E-007       97.5000
   977        0.10000000     0.510929E-007     0.721549E-007       97.6000
   978        0.10000000     0.372655E-007     0.698091E-007       97.7000
   979        0.10000000     0.193977E-007     0.674322E-007       97.8000
   980        0.10000000     0.552079E-008     0.655515E-007       97.9000
   981        0.10000000     0.811206E-009     0.645218E-007       98.0000
   982        0.10000000     0.441514E-008     0.643329E-007       98.1000
   983        0.10000000     0.110882E-007     0.646348E-007       98.2000
   984        0.10000000     0.156056E-007     0.649581E-007       98.3000
   985        0.10000000     0.160299E-007     0.649657E-007       98.4000
   986        0.10000000     0.138355E-007     0.645626E-007       98.5000
   987        0.10000000     0.119382E-007     0.638301E-007       98.6000
   988        0.10000000     0.129174E-007     0.628726E-007       98.7000
   989        0.10000000     0.185250E-007     0.616927E-007       98.8000
   990        0.10000000     0.298085E-007     0.601557E-007       98.9000
   991        0.10000000     0.465873E-007     0.580441E-007       99.0000
   992        0.10000000     0.662458E-007     0.551667E-007       99.1000
   993        0.10000000     0.832364E-007     0.514722E-007       99.2000
   994        0.10000000     0.908770E-007     0.471171E-007       99.3000
   995        0.10000000     0.850183E-007     0.424557E-007       99.4000
   996        0.10000000     0.670755E-007     0.379545E-007       99.5000
   997        0.10000000     0.437250E-007     0.340637E-007       99.6000
   998        0.10000000     0.231869E-007     0.310937E-007       99.7000
   999        0.10000000     0.107461E-007     0.291400E-007       99.8000
  1000        0.10000000     0.669520E-008     0.280778E-007       99.9000
