#    time[au]         Re(autocorrel)     Im(autocorrel)     Abs(autocorrel)
     0.00000000       0.99999999999999   0.00000000000000   0.99999999999999
    0.200000000       0.97589744931303  -0.21822962315665   0.99999999999938
    0.400000000       0.90475166334901  -0.42593946479451   1.00000000000112
    0.600000000       0.78999223166715  -0.61311685175489   1.00000000000013
    0.800000000       0.63715114424437  -0.77073887886211   1.00000000000077
     1.00000000       0.45359612132465  -0.89120736011404   1.00000000000110
     1.20000000       0.24817545130664  -0.96871510020604   0.99999999999923
     1.40000000       0.03079145852743  -0.99952583062111   0.99999999999854
     1.60000000      -0.18807683978296  -0.98215431696915   1.00000000000195
     1.80000000      -0.39787887477319  -0.91743795485326   0.99999999999805
     2.00000000      -0.58850111833585  -0.80849640303069   0.99999999999805
     2.20000000      -0.75075460609521  -0.66058119973127   1.00000000000579
     2.40000000      -0.87681789146936  -0.48082261302160   0.99999999999685
     2.60000000      -0.96061408157233  -0.27788592315054   1.00000000000014
     2.80000000      -0.99810377230360  -0.06155371409885   1.00000000000302
     3.00000000      -0.98747976928796   0.15774569799575   0.99999999999459
     3.20000000      -0.92925420379353   0.36944096245147   1.00000000000251
     3.40000000      -0.82623384498310   0.56332728799314   0.99999999999663
     3.60000000      -0.68338480011873   0.73005836407608   0.99999999999538
     3.80000000      -0.50759312132247   0.86159690296516   1.00000000000652
     4.00000000      -0.30733286394026   0.95160207585007   1.00000000000995
     4.20000000      -0.09225759505417   0.99573517369905   0.99999999999333
     4.40000000       0.12726496101233   0.99186875630167   1.00000000001445
     4.60000000       0.34065269689802   0.94018920441577   1.00000000000192
     4.80000000       0.53761923438142   0.84318773640409   0.99999999999956
     5.00000000       0.70866978167964   0.70554031815177   1.00000000000179
     5.20000000       0.84555883007845   0.53388225751586   1.00000000000693
     5.40000000       0.94168762965040   0.33648834771065   0.99999999999082
     5.60000000       0.99242228126018   0.12287398268872   0.99999999998172
     5.80000000       0.99531711581077  -0.09666353493907   1.00000000000639
     6.00000000       0.95023258734996  -0.31154137754545   0.99999999999236
     6.20000000       0.85934200043387  -0.51140133581147   0.99999999998972
     6.40000000       0.72702674516877  -0.68660914050238   1.00000000000605
     6.60000000       0.55966509131059  -0.82871888212217   1.00000000000875
     6.80000000       0.36532472341223  -0.93088014612034   0.99999999998862
     7.00000000       0.15337384183543  -0.98816823703326   1.00000000002039
     7.20000000      -0.06597044188489  -0.99782157763592   0.99999999999916
     7.40000000      -0.28213461403482  -0.95937482746929   1.00000000000916
     7.60000000      -0.48469845812829  -0.87468131606014   0.99999999998832
     7.80000000      -0.66389736288722  -0.74782370353728   1.00000000001041
     8.00000000      -0.81109302887502  -0.58491717241072   1.00000000003530
     8.20000000      -0.91918987314242  -0.39381464817433   1.00000000000212
     8.40000000      -0.98297707507788  -0.18372825016165   1.00000000001806
     8.60000000      -0.99937976699172   0.03521478856093   1.00000000000291
     8.80000000      -0.96760725449137   0.25246029612182   1.00000000003112
     9.00000000      -0.88919113303840   0.45753593186219   1.00000000000956
     9.20000000      -0.76791146476382   0.64055599464983   0.99999999999877
     9.40000000      -0.60961454404616   0.79269799274971   1.00000000001101
     9.60000000      -0.42193109182383   0.90662790258351   0.99999999999531
     9.80000000      -0.21390840744677   0.97685372151719   1.00000000000920
     10.0000000       0.00442575385510   0.99999020627276   0.99999999996932
