#    Start: ------ Host: "mendez-famaf" ----------Wed Dec 28 08:35:14 2022

#    Time[au]   CPU-time[s]     Delta-CPU    Real time        RealT[s]     [h]
#        0.00           2.7                  Dec 28 08:35:16         0     0.00
         0.10           3.9         1.160    Dec 28 08:35:17         1     0.00
         0.20           8.6         4.670    Dec 28 08:35:22         6     0.00
         0.30          14.7         6.110    Dec 28 08:35:28        12     0.00
         0.40          20.4         5.670    Dec 28 08:35:34        18     0.01
         0.50          25.6         5.220    Dec 28 08:35:39        23     0.01
         0.60          31.4         5.840    Dec 28 08:35:45        29     0.01
         0.70          38.0         6.610    Dec 28 08:35:51        35     0.01
         0.80          43.8         5.740    Dec 28 08:35:57        41     0.01
         0.90          49.0         5.220    Dec 28 08:36:02        46     0.01
         1.00          54.0         5.040    Dec 28 08:36:07        51     0.01
         1.10          59.9         5.840    Dec 28 08:36:13        57     0.02
         1.20          66.1         6.280    Dec 28 08:36:19        63     0.02
         1.30          71.2         5.060    Dec 28 08:36:24        68     0.02
         1.40          76.3         5.150    Dec 28 08:36:29        73     0.02
         1.50          81.4         5.030    Dec 28 08:36:34        78     0.02
         1.60          86.8         5.410    Dec 28 08:36:39        83     0.02
         1.70          91.9         5.090    Dec 28 08:36:44        88     0.02
         1.80          97.0         5.110    Dec 28 08:36:49        93     0.03
         1.90         102.0         4.960    Dec 28 08:36:54        98     0.03
         2.00         106.7         4.760    Dec 28 08:36:59       103     0.03
         2.10         112.2         5.480    Dec 28 08:37:05       109     0.03
         2.20         117.2         5.060    Dec 28 08:37:10       114     0.03
         2.30         122.4         5.180    Dec 28 08:37:15       119     0.03
         2.40         127.8         5.330    Dec 28 08:37:20       124     0.03
         2.50         132.8         5.020    Dec 28 08:37:25       129     0.04
         2.60         137.7         4.950    Dec 28 08:37:30       134     0.04
         2.70         142.7         4.920    Dec 28 08:37:35       139     0.04
         2.80         147.4         4.790    Dec 28 08:37:40       144     0.04
         2.90         152.9         5.420    Dec 28 08:37:45       149     0.04
         3.00         157.6         4.730    Dec 28 08:37:50       154     0.04
         3.10         162.8         5.170    Dec 28 08:37:55       159     0.04
         3.20         167.6         4.830    Dec 28 08:38:00       164     0.05
         3.30         172.5         4.930    Dec 28 08:38:05       169     0.05
         3.40         177.5         5.020    Dec 28 08:38:10       174     0.05
         3.50         183.4         5.820    Dec 28 08:38:16       180     0.05
         3.60         188.3         4.980    Dec 28 08:38:21       185     0.05
         3.70         193.6         5.290    Dec 28 08:38:26       190     0.05
         3.80         198.4         4.770    Dec 28 08:38:31       195     0.05
         3.90         203.3         4.900    Dec 28 08:38:36       200     0.06
         4.00         208.0         4.750    Dec 28 08:38:41       205     0.06
         4.10         213.1         5.030    Dec 28 08:38:46       210     0.06
         4.20         218.1         5.020    Dec 28 08:38:51       215     0.06
         4.30         222.9         4.750    Dec 28 08:38:55       219     0.06
         4.40         227.5         4.700    Dec 28 08:39:00       224     0.06
         4.50         232.2         4.670    Dec 28 08:39:05       229     0.06
         4.60         237.2         4.940    Dec 28 08:39:10       234     0.07
         4.70         242.0         4.790    Dec 28 08:39:15       239     0.07
         4.80         246.4         4.450    Dec 28 08:39:19       243     0.07
         4.90         251.4         5.040    Dec 28 08:39:24       248     0.07
         5.00         256.7         5.290    Dec 28 08:39:29       253     0.07
