#Update-step  Updatetime     Error of A        Error of phi      Time in au
     1        0.10000000     0.318938E-017     0.000000E+000        0.0000
     2        0.10000000     0.138966E-017     0.321357E-014        0.1000
     3        0.10000000     0.400551E-018     0.205549E-014        0.2000
     4        0.10000000     0.202393E-017     0.000000E+000        0.3000
     5        0.10000000     0.139900E-016     0.278204E-013        0.4000
     6        0.10000000     0.869688E-018     0.000000E+000        0.5000
     7        0.10000000     0.592039E-018     0.414530E-014        0.6000
     8        0.10000000     0.123026E-017     0.200275E-013        0.7000
     9        0.10000000     0.101147E-018     0.522680E-012        0.8000
    10        0.10000000     0.105985E-017     0.157475E-011        0.9000
    11        0.10000000     0.467047E-016     0.931443E-011        1.0000
    12        0.10000000     0.152910E-016     0.171412E-010        1.1000
    13        0.10000000     0.315251E-018     0.321095E-010        1.2000
    14        0.10000000     0.349853E-018     0.190087E-010        1.3000
    15        0.10000000     0.108403E-017     0.109439E-013        1.4000
    16        0.10000000     0.341704E-017     0.118719E-010        1.5000
    17        0.10000000     0.843717E-019     0.241048E-010        1.6000
    18        0.10000000     0.134332E-017     0.632062E-014        1.7000
    19        0.10000000     0.120677E-018     0.257629E-014        1.8000
    20        0.10000000     0.727115E-018     0.280856E-014        1.9000
    21        0.10000000     0.167156E-018     0.356243E-013        2.0000
    22        0.10000000     0.670517E-019     0.000000E+000        2.1000
    23        0.10000000     0.570574E-019     0.139488E-013        2.2000
    24        0.10000000     0.519373E-018     0.000000E+000        2.3000
    25        0.10000000     0.274505E-016     0.700187E-011        2.4000
    26        0.10000000     0.332548E-017     0.885974E-011        2.5000
    27        0.10000000     0.164330E-017     0.208091E-010        2.6000
    28        0.10000000     0.148469E-017     0.161384E-010        2.7000
    29        0.10000000     0.245886E-016     0.311244E-013        2.8000
    30        0.10000000     0.239767E-017     0.293024E-013        2.9000
    31        0.10000000     0.186976E-016     0.970366E-012        3.0000
    32        0.10000000     0.182004E-017     0.447487E-010        3.1000
    33        0.10000000     0.828967E-017     0.249899E-010        3.2000
    34        0.10000000     0.419253E-018     0.000000E+000        3.3000
    35        0.10000000     0.140027E-016     0.357994E-010        3.4000
    36        0.10000000     0.129987E-016     0.146803E-010        3.5000
    37        0.10000000     0.645697E-018     0.761751E-010        3.6000
    38        0.10000000     0.223097E-016     0.181733E-009        3.7000
    39        0.10000000     0.825757E-018     0.186851E-009        3.8000
    40        0.10000000     0.267740E-015     0.346729E-011        3.9000
    41        0.10000000     0.479398E-015     0.192653E-010        4.0000
    42        0.10000000     0.230341E-017     0.000000E+000        4.1000
    43        0.10000000     0.652497E-017     0.772742E-013        4.2000
    44        0.10000000     0.102810E-016     0.368357E-012        4.3000
    45        0.10000000     0.144735E-016     0.646797E-012        4.4000
    46        0.10000000     0.133599E-016     0.000000E+000        4.5000
    47        0.10000000     0.891916E-017     0.000000E+000        4.6000
    48        0.10000000     0.475876E-017     0.121170E-009        4.7000
    49        0.10000000     0.152052E-017     0.234948E-010        4.8000
    50        0.10000000     0.166934E-017     0.294315E-010        4.9000
