#    time[au]         Re(autocorrel)     Im(autocorrel)     Abs(autocorrel)
     0.00000000       1.00000000000000   0.00000000000000   1.00000000000000
    0.200000000       0.81137130407083  -0.51209808248458   0.95946226562277
    0.400000000       0.39829742282094  -0.75976436724213   0.85783607452510
    0.600000000       0.01347754141343  -0.73567126097624   0.73579470530096
    0.800000000      -0.23347155483510  -0.57927529643937   0.62455491030176
     1.00000000      -0.35866011633173  -0.39925334575518   0.53669387283981
     1.20000000      -0.40833083392998  -0.23805745343308   0.47265782662831
     1.40000000      -0.41605850842559  -0.10195047936368   0.42836734548261
     1.60000000      -0.39892466480916   0.01385743969252   0.39916527507779
     1.80000000      -0.36356555497725   0.11437184161526   0.38113098918926
     2.00000000      -0.31181789385933   0.20164907430643   0.37133912815580
     2.20000000      -0.24451223294458   0.27490432732021   0.36791115943788
     2.40000000      -0.16333546252701   0.33212042026146   0.37011139792441
     2.60000000      -0.07061904726027   0.37177000856763   0.37841774417477
     2.80000000       0.03228192065424   0.39314997723935   0.39447310048269
     3.00000000       0.14647748974634   0.39467885148136   0.42098343293892
     3.20000000       0.27548289730455   0.37046134472739   0.46166268491675
     3.40000000       0.42211799356378   0.30549217948676   0.52106532432881
     3.60000000       0.57890790280173   0.17090747419833   0.60360891698445
     3.80000000       0.70665536857165  -0.07227987567868   0.71034230506091
     4.00000000       0.70821128639595  -0.43672108712117   0.83203878161712
     4.20000000       0.45555725335313  -0.82395295557793   0.94150458527203
     4.40000000      -0.05250956772642  -0.99666816380921   0.99805044133733
     4.60000000      -0.56555834463172  -0.79363375105664   0.97453105235226
     4.80000000      -0.80746457030686  -0.35670374076517   0.88274378557807
     5.00000000      -0.76033945643094   0.04746504473638   0.76181954521889
     5.20000000      -0.57451738697989   0.29672632421080   0.64661947033928
     5.40000000      -0.37120978773152   0.41047585511958   0.55343214050489
     5.60000000      -0.19639786868523   0.44297610328102   0.48456160692128
     5.80000000      -0.05475746074470   0.43299314234029   0.43644179545608
     6.00000000       0.06089052388669   0.39975637741226   0.40436718113735
     6.20000000       0.15730812084611   0.35054057479471   0.38421938975218
     6.40000000       0.23763986956350   0.28731224034909   0.37285524142832
     6.60000000       0.30175396416117   0.21092725025626   0.36816539732523
     6.80000000       0.34801355022335   0.12314929001785   0.36916009910466
     7.00000000       0.37511881038486   0.02654573583601   0.37605690792170
     7.20000000       0.38257609004905  -0.07705030518294   0.39025788167057
     7.40000000       0.36915755383730  -0.18794602374690   0.41424751948250
     7.60000000       0.32978213461022  -0.30841706592359   0.45152778747380
     7.80000000       0.25143796427924  -0.43969567385578   0.50651094310822
     8.00000000       0.10952625734963  -0.57344530825008   0.58381120458847
     8.20000000      -0.12842457548620  -0.67351429956011   0.68564887756107
     8.40000000      -0.47159992657991  -0.65331102712873   0.80574300426264
     8.60000000      -0.83136731850687  -0.39647321120314   0.92106602666857
     8.80000000      -0.98671599726215   0.10468034454955   0.99225321052041
     9.00000000      -0.77078485795953   0.61544855969215   0.98634995153182
     9.20000000      -0.31233424298147   0.85082338430001   0.90634050478313
     9.40000000       0.10999639402773   0.78047243257070   0.78818552682851
     9.60000000       0.36016908459029   0.56465939104644   0.66974771174789
     9.80000000       0.46048848663888   0.33814605869064   0.57130762583303
     10.0000000       0.47401262227905   0.15080035557918   0.49742206758714
