#    Start: ------ Host: "mendez-famaf" ----------Tue Dec 27 16:17:18 2022

#    Time[au]   CPU-time[s]     Delta-CPU    Real time        RealT[s]     [h]
#        0.00           5.1                  Dec 27 16:17:23         0     0.00
         0.10           8.9         3.780    Dec 27 16:17:27         4     0.00
         0.20          14.2         5.250    Dec 27 16:17:32         9     0.00
         0.30          19.3         5.190    Dec 27 16:17:37        14     0.00
         0.40          24.9         5.530    Dec 27 16:17:43        20     0.01
         0.50          30.4         5.500    Dec 27 16:17:49        26     0.01
         0.60          35.7         5.370    Dec 27 16:17:54        31     0.01
         0.70          41.0         5.310    Dec 27 16:18:00        37     0.01
         0.80          46.6         5.540    Dec 27 16:18:06        43     0.01
         0.90          51.6         5.010    Dec 27 16:18:11        48     0.01
         1.00          56.8         5.220    Dec 27 16:18:17        54     0.01
         1.10          62.2         5.360    Dec 27 16:18:22        59     0.02
         1.20          67.4         5.230    Dec 27 16:18:27        64     0.02
         1.30          72.8         5.340    Dec 27 16:18:33        70     0.02
         1.40          78.2         5.440    Dec 27 16:18:38        75     0.02
         1.50          83.6         5.390    Dec 27 16:18:44        81     0.02
         1.60          89.0         5.370    Dec 27 16:18:50        87     0.02
         1.70          94.3         5.310    Dec 27 16:18:55        92     0.03
         1.80          99.4         5.160    Dec 27 16:19:00        97     0.03
         1.90         105.0         5.590    Dec 27 16:19:06       103     0.03
         2.00         110.2         5.230    Dec 27 16:19:12       109     0.03
         2.10         115.7         5.410    Dec 27 16:19:17       114     0.03
         2.20         120.8         5.160    Dec 27 16:19:22       119     0.03
         2.30         126.0         5.140    Dec 27 16:19:27       124     0.03
         2.40         131.3         5.400    Dec 27 16:19:33       130     0.04
         2.50         136.6         5.220    Dec 27 16:19:38       135     0.04
         2.60         142.0         5.400    Dec 27 16:19:44       141     0.04
         2.70         147.2         5.220    Dec 27 16:19:49       146     0.04
         2.80         152.6         5.390    Dec 27 16:19:55       152     0.04
         2.90         157.8         5.270    Dec 27 16:20:00       157     0.04
         3.00         163.3         5.420    Dec 27 16:20:06       163     0.05
         3.10         168.4         5.170    Dec 27 16:20:11       168     0.05
         3.20         173.9         5.430    Dec 27 16:20:16       173     0.05
         3.30         179.1         5.270    Dec 27 16:20:22       179     0.05
         3.40         184.5         5.350    Dec 27 16:20:27       184     0.05
         3.50         189.7         5.200    Dec 27 16:20:32       189     0.05
         3.60         195.2         5.490    Dec 27 16:20:38       195     0.05
         3.70         200.7         5.490    Dec 27 16:20:44       201     0.06
         3.80         206.1         5.380    Dec 27 16:20:49       206     0.06
         3.90         211.3         5.270    Dec 27 16:20:55       212     0.06
         4.00         216.8         5.470    Dec 27 16:21:01       218     0.06
         4.10         222.0         5.220    Dec 27 16:21:06       223     0.06
         4.20         227.5         5.530    Dec 27 16:21:12       229     0.06
         4.30         232.8         5.270    Dec 27 16:21:17       234     0.07
         4.40         238.2         5.360    Dec 27 16:21:23       240     0.07
         4.50         243.7         5.540    Dec 27 16:21:28       245     0.07
         4.60         249.1         5.410    Dec 27 16:21:34       251     0.07
         4.70         254.6         5.460    Dec 27 16:21:39       256     0.07
         4.80         260.0         5.380    Dec 27 16:21:45       262     0.07
         4.90         265.2         5.290    Dec 27 16:21:50       267     0.07
         5.00         270.8         5.530    Dec 27 16:21:56       273     0.08
