#Update-step  Updatetime     Error of A        Error of phi      Time in au
     1        0.10000000     0.107913E-024     0.815063E-014        0.0000
     2        0.10000000     0.582256E-026     0.523109E-014        0.1000
     3        0.10000000     0.422624E-024     0.401659E-018        0.2000
     4        0.10000000     0.928298E-028     0.692027E-018        0.3000
     5        0.10000000     0.247222E-025     0.271865E-014        0.4000
     6        0.10000000     0.306769E-024     0.127885E-017        0.5000
     7        0.10000000     0.809022E-024     0.294079E-015        0.6000
     8        0.10000000     0.181639E-025     0.000000E+000        0.7000
     9        0.10000000     0.170223E-025     0.147975E-014        0.8000
    10        0.10000000     0.415627E-026     0.174034E-016        0.9000
    11        0.10000000     0.449393E-026     0.104372E-014        1.0000
    12        0.10000000     0.793764E-025     0.145065E-017        1.1000
    13        0.10000000     0.207627E-024     0.229524E-015        1.2000
    14        0.10000000     0.453834E-025     0.134139E-014        1.3000
    15        0.10000000     0.817272E-028     0.310830E-014        1.4000
    16        0.10000000     0.458667E-026     0.449745E-015        1.5000
    17        0.10000000     0.138928E-024     0.190335E-015        1.6000
    18        0.10000000     0.792356E-025     0.688383E-014        1.7000
    19        0.10000000     0.112657E-025     0.331145E-018        1.8000
    20        0.10000000     0.313024E-025     0.274636E-017        1.9000
    21        0.10000000     0.193484E-026     0.267863E-014        2.0000
    22        0.10000000     0.326239E-026     0.154549E-014        2.1000
    23        0.10000000     0.164285E-025     0.276627E-018        2.2000
    24        0.10000000     0.858730E-025     0.202327E-016        2.3000
    25        0.10000000     0.182593E-024     0.199045E-016        2.4000
    26        0.10000000     0.157423E-024     0.220208E-017        2.5000
    27        0.10000000     0.336811E-024     0.201242E-014        2.6000
    28        0.10000000     0.729059E-025     0.114024E-014        2.7000
    29        0.10000000     0.270679E-024     0.737209E-017        2.8000
    30        0.10000000     0.117006E-024     0.484409E-018        2.9000
    31        0.10000000     0.945376E-027     0.894446E-017        3.0000
    32        0.10000000     0.403062E-024     0.308792E-018        3.1000
    33        0.10000000     0.150725E-024     0.158083E-014        3.2000
    34        0.10000000     0.524058E-028     0.643785E-015        3.3000
    35        0.10000000     0.393926E-025     0.218745E-014        3.4000
    36        0.10000000     0.831715E-025     0.229171E-014        3.5000
    37        0.10000000     0.888063E-026     0.640661E-018        3.6000
    38        0.10000000     0.852599E-026     0.773312E-017        3.7000
    39        0.10000000     0.195073E-025     0.957435E-015        3.8000
    40        0.10000000     0.102267E-024     0.000000E+000        3.9000
    41        0.10000000     0.985208E-026     0.257176E-016        4.0000
    42        0.10000000     0.423742E-025     0.916705E-018        4.1000
    43        0.10000000     0.593587E-025     0.314247E-015        4.2000
    44        0.10000000     0.112133E-024     0.199836E-014        4.3000
    45        0.10000000     0.107109E-026     0.101208E-014        4.4000
    46        0.10000000     0.147363E-026     0.000000E+000        4.5000
    47        0.10000000     0.905997E-025     0.107830E-014        4.6000
    48        0.10000000     0.934853E-026     0.423209E-014        4.7000
    49        0.10000000     0.301051E-025     0.148970E-016        4.8000
    50        0.10000000     0.407834E-025     0.126766E-014        4.9000
